1 0.2551 0.2647 0.2543 0.2653 0.2534 0.2672 0.2534 0.2714 0.2521 0.2757 0.2521 0.2800 0.2526 0.2831 0.2526 0.2877 0.2534 0.2907 0.2538 0.2944 0.2538 0.3033 0.2530 0.3085 0.2530 0.3137 0.2543 0.3159 0.2558 0.3171 0.2581 0.3165 0.2590 0.3159 0.2598 0.3143 0.2590 0.3076 0.2590 0.3061 0.2596 0.3036 0.2624 0.3088 0.2635 0.3091 0.2641 0.3104 0.2652 0.3113 0.2671 0.3119 0.2713 0.3104 0.2726 0.3073 0.2724 0.3061 0.2696 0.3045 0.2684 0.3030 0.2660 0.2975 0.2647 0.2953 0.2639 0.2911 0.2615 0.2883 0.2609 0.2849 0.2605 0.2791 0.2596 0.2754 0.2596 0.2699 0.2588 0.2675 0.2560 0.2647
1 0.4155 0.2770 0.4123 0.2785 0.4118 0.2791 0.4114 0.2855 0.4103 0.2904 0.4103 0.2950 0.4120 0.3048 0.4133 0.3082 0.4148 0.3104 0.4152 0.3137 0.4159 0.3159 0.4189 0.3168 0.4204 0.3165 0.4216 0.3143 0.4210 0.3128 0.4206 0.3100 0.4212 0.3061 0.4227 0.3002 0.4229 0.2978 0.4225 0.2956 0.4223 0.2904 0.4216 0.2880 0.4197 0.2834 0.4180 0.2812 0.4176 0.2794 0.4159 0.2770
1 0.2944 0.3673 0.2910 0.3686 0.2886 0.3732 0.2880 0.3753 0.2869 0.3768 0.2863 0.3931 0.2869 0.3964 0.2895 0.3974 0.2910 0.3986 0.2942 0.4090 0.2946 0.4197 0.2959 0.4222 0.2961 0.4234 0.2987 0.4265 0.3008 0.4237 0.3010 0.4222 0.3010 0.4142 0.3008 0.4112 0.3000 0.4078 0.2997 0.4023 0.3000 0.4001 0.3004 0.3992 0.3025 0.3964 0.3025 0.3866 0.3008 0.3768 0.2989 0.3741 0.2976 0.3735 0.2959 0.3713 0.2950 0.3692 0.2948 0.3673
1 0.6738 0.4154 0.6731 0.4161 0.6712 0.4228 0.6697 0.4252 0.6684 0.4314 0.6678 0.4375 0.6687 0.4510 0.6695 0.4525 0.6708 0.4580 0.6702 0.4660 0.6704 0.4688 0.6719 0.4743 0.6738 0.4755 0.6772 0.4718 0.6789 0.4721 0.6808 0.4743 0.6817 0.4746 0.6825 0.4709 0.6806 0.4623 0.6810 0.4602 0.6817 0.4507 0.6827 0.4467 0.6836 0.4400 0.6836 0.4314 0.6821 0.4277 0.6813 0.4240 0.6793 0.4210 0.6785 0.4167 0.6778 0.4154
1 0.9823 0.1572 0.9806 0.1627 0.9801 0.1673 0.9797 0.1685 0.9784 0.1697 0.9793 0.1700 0.9801 0.1713 0.9806 0.1740 0.9782 0.1817 0.9797 0.1850 0.9825 0.1890 0.9833 0.1927 0.9825 0.1964 0.9825 0.1976 0.9833 0.2007 0.9833 0.2126 0.9863 0.2163 0.9900 0.2154 0.9910 0.2132 0.9912 0.2047 0.9893 0.2007 0.9900 0.1982 0.9900 0.1930 0.9925 0.1857 0.9925 0.1838 0.9912 0.1737 0.9912 0.1691 0.9883 0.1645 0.9874 0.1621 0.9865 0.1608 0.9836 0.1596 0.9825 0.1575
1 0.9774 0.1513 0.9757 0.1520 0.9746 0.1535 0.9746 0.1550 0.9757 0.1581 0.9759 0.1605 0.9757 0.1664 0.9752 0.1694 0.9742 0.1731 0.9744 0.1893 0.9740 0.1918 0.9737 0.1970 0.9746 0.1985 0.9789 0.1979 0.9812 0.1964 0.9842 0.1933 0.9840 0.1893 0.9821 0.1854 0.9810 0.1801 0.9810 0.1774 0.9827 0.1737 0.9836 0.1654 0.9829 0.1639 0.9812 0.1618 0.9812 0.1605 0.9806 0.1584 0.9808 0.1544 0.9787 0.1513
1 0.6386 0.0999 0.6366 0.1023 0.6347 0.1060 0.6334 0.1118 0.6332 0.1149 0.6341 0.1186 0.6343 0.1219 0.6351 0.1268 0.6364 0.1314 0.6381 0.1464 0.6379 0.1504 0.6386 0.1523 0.6409 0.1517 0.6418 0.1510 0.6422 0.1501 0.6462 0.1477 0.6486 0.1443 0.6492 0.1425 0.6497 0.1388 0.6492 0.1330 0.6494 0.1225 0.6456 0.1143 0.6443 0.1069 0.6426 0.1020 0.6388 0.1002
1 0.0837 0.2623 0.0822 0.2638 0.0818 0.2672 0.0796 0.2721 0.0790 0.2751 0.0790 0.2803 0.0786 0.2840 0.0792 0.2883 0.0807 0.2911 0.0811 0.2947 0.0830 0.2975 0.0839 0.3009 0.0850 0.3027 0.0848 0.3067 0.0858 0.3094 0.0877 0.3125 0.0918 0.3070 0.0918 0.3018 0.0922 0.2981 0.0916 0.2950 0.0916 0.2895 0.0927 0.2831 0.0924 0.2791 0.0895 0.2705 0.0877 0.2641 0.0843 0.2623
0 0.1697 0.3680 0.1663 0.3683 0.1620 0.3701 0.1608 0.3710 0.1582 0.3747 0.1552 0.3725 0.1541 0.3722 0.1537 0.3735 0.1520 0.3756 0.1492 0.3765 0.1458 0.3768 0.1424 0.3796 0.1386 0.3799 0.1362 0.3827 0.1341 0.3842 0.1334 0.3863 0.1309 0.3894 0.1292 0.3943 0.1270 0.3968 0.1268 0.3995 0.1260 0.4035 0.1243 0.4081 0.1253 0.4213 0.1268 0.4274 0.1304 0.4317 0.1345 0.4341 0.1388 0.4338 0.1428 0.4308 0.1458 0.4314 0.1499 0.4314 0.1544 0.4323 0.1582 0.4347 0.1618 0.4360 0.1667 0.4360 0.1776 0.4381 0.1815 0.4381 0.1851 0.4406 0.1877 0.4436 0.1894 0.4449 0.1911 0.4452 0.1932 0.4464 0.1992 0.4442 0.2056 0.4396 0.2067 0.4381 0.2077 0.4350 0.2105 0.4295 0.2118 0.4243 0.2137 0.4197 0.2152 0.4062 0.2152 0.4017 0.2139 0.3961 0.2131 0.3937 0.2103 0.3888 0.2090 0.3848 0.2058 0.3833 0.2020 0.3771 0.2011 0.3765 0.1977 0.3762 0.1896 0.3738 0.1849 0.3735 0.1840 0.3729 0.1800 0.3722 0.1776 0.3710 0.1746 0.3710 0.1736 0.3707 0.1723 0.3689 0.1699 0.3683
0 0.5325 0.1088 0.5239 0.1103 0.5209 0.1118 0.5179 0.1143 0.5160 0.1176 0.5137 0.1201 0.5126 0.1225 0.5117 0.1259 0.5113 0.1296 0.5115 0.1388 0.5126 0.1428 0.5126 0.1461 0.5132 0.1492 0.5135 0.1529 0.5130 0.1618 0.5158 0.1654 0.5173 0.1694 0.5164 0.1740 0.5171 0.1789 0.5190 0.1872 0.5201 0.1961 0.5203 0.2010 0.5220 0.2050 0.5243 0.2080 0.5254 0.2089 0.5288 0.2105 0.5331 0.2093 0.5397 0.2089 0.5446 0.2071 0.5495 0.2077 0.5564 0.2062 0.5602 0.2016 0.5613 0.1982 0.5613 0.1826 0.5604 0.1725 0.5598 0.1685 0.5579 0.1624 0.5576 0.1593 0.5576 0.1578 0.5581 0.1566 0.5604 0.1538 0.5568 0.1486 0.5549 0.1431 0.5536 0.1385 0.5525 0.1302 0.5517 0.1290 0.5506 0.1262 0.5502 0.1229 0.5489 0.1195 0.5429 0.1109 0.5408 0.1097 0.5350 0.1088
0 0.4703 0.1308 0.4641 0.1320 0.4590 0.1320 0.4513 0.1354 0.4490 0.1388 0.4473 0.1422 0.4458 0.1575 0.4462 0.1670 0.4473 0.1731 0.4473 0.1765 0.4483 0.1838 0.4483 0.1857 0.4464 0.1893 0.4473 0.1930 0.4488 0.1942 0.4503 0.1970 0.4500 0.2010 0.4505 0.2025 0.4509 0.2074 0.4511 0.2166 0.4528 0.2188 0.4535 0.2203 0.4541 0.2286 0.4550 0.2316 0.4590 0.2350 0.4629 0.2368 0.4648 0.2371 0.4688 0.2371 0.4708 0.2365 0.4750 0.2368 0.4789 0.2359 0.4823 0.2344 0.4863 0.2350 0.4921 0.2313 0.4940 0.2286 0.4951 0.2252 0.4951 0.2169 0.4944 0.2132 0.4947 0.2083 0.4936 0.2010 0.4925 0.1979 0.4923 0.1927 0.4917 0.1893 0.4925 0.1850 0.4919 0.1808 0.4908 0.1774 0.4902 0.1716 0.4887 0.1661 0.4887 0.1578 0.4880 0.1562 0.4876 0.1529 0.4863 0.1480 0.4838 0.1443 0.4823 0.1385 0.4784 0.1311 0.4761 0.1308
0 0.4522 0.0263 0.4471 0.0276 0.4436 0.0300 0.4411 0.0306 0.4381 0.0325 0.4353 0.0362 0.4338 0.0368 0.4317 0.0389 0.4313 0.0404 0.4313 0.0450 0.4304 0.0478 0.4304 0.0539 0.4308 0.0588 0.4306 0.0662 0.4315 0.0735 0.4315 0.0763 0.4327 0.0781 0.4340 0.0836 0.4353 0.0870 0.4355 0.0901 0.4364 0.0931 0.4383 0.1048 0.4389 0.1152 0.4394 0.1164 0.4402 0.1170 0.4432 0.1213 0.4468 0.1213 0.4509 0.1235 0.4554 0.1216 0.4577 0.1216 0.4620 0.1207 0.4667 0.1186 0.4708 0.1195 0.4722 0.1183 0.4744 0.1173 0.4765 0.1146 0.4782 0.1072 0.4776 0.1042 0.4780 0.0996 0.4772 0.0959 0.4772 0.0916 0.4761 0.0876 0.4761 0.0846 0.4748 0.0803 0.4742 0.0766 0.4742 0.0754 0.4748 0.0732 0.4748 0.0714 0.4718 0.0643 0.4703 0.0579 0.4665 0.0521 0.4658 0.0481 0.4658 0.0460 0.4641 0.0411 0.4639 0.0368 0.4629 0.0337 0.4620 0.0319 0.4607 0.0303 0.4550 0.0263
0 0.5331 0.0061 0.5297 0.0074 0.5250 0.0077 0.5194 0.0095 0.5154 0.0150 0.5135 0.0159 0.5126 0.0172 0.5107 0.0221 0.5105 0.0267 0.5096 0.0325 0.5098 0.0386 0.5102 0.0411 0.5102 0.0447 0.5111 0.0481 0.5109 0.0527 0.5117 0.0561 0.5115 0.0604 0.5126 0.0631 0.5141 0.0717 0.5152 0.0757 0.5154 0.0806 0.5160 0.0836 0.5158 0.0861 0.5152 0.0879 0.5173 0.0907 0.5177 0.0919 0.5177 0.0931 0.5186 0.0956 0.5190 0.0987 0.5199 0.1011 0.5201 0.1032 0.5213 0.1078 0.5288 0.1063 0.5292 0.1063 0.5299 0.1072 0.5322 0.1078 0.5376 0.1075 0.5429 0.1091 0.5480 0.1118 0.5532 0.1115 0.5555 0.1091 0.5576 0.1075 0.5596 0.1048 0.5604 0.1042 0.5617 0.0996 0.5617 0.0916 0.5613 0.0898 0.5604 0.0778 0.5602 0.0763 0.5587 0.0726 0.5579 0.0683 0.5579 0.0640 0.5570 0.0607 0.5574 0.0564 0.5559 0.0533 0.5551 0.0490 0.5549 0.0447 0.5538 0.0423 0.5525 0.0355 0.5508 0.0306 0.5491 0.0218 0.5487 0.0205 0.5472 0.0196 0.5463 0.0184 0.5442 0.0135 0.5414 0.0086 0.5374 0.0061
0 0.4229 0.0000 0.4229 0.0028 0.4236 0.0067 0.4244 0.0092 0.4244 0.0132 0.4255 0.0208 0.4268 0.0257 0.4276 0.0334 0.4315 0.0380 0.4353 0.0377 0.4381 0.0325 0.4394 0.0309 0.4409 0.0306 0.4471 0.0273 0.4505 0.0263 0.4560 0.0273 0.4607 0.0303 0.4626 0.0322 0.4639 0.0312 0.4652 0.0294 0.4667 0.0254 0.4667 0.0150 0.4663 0.0095 0.4650 0.0067 0.4639 0.0018 0.4639 0.0000
0 0.8324 0.6725 0.8258 0.6728 0.8164 0.6740 0.8083 0.6756 0.8061 0.6756 0.8029 0.6765 0.7925 0.6777 0.7876 0.6795 0.7831 0.6798 0.7746 0.6847 0.7709 0.6854 0.7660 0.6875 0.7639 0.6890 0.7622 0.6912 0.7577 0.6936 0.7519 0.7001 0.7479 0.6994 0.7470 0.7007 0.7442 0.7022 0.7370 0.7037 0.7312 0.7068 0.7282 0.7077 0.7257 0.7099 0.7237 0.7108 0.7218 0.7126 0.7197 0.7175 0.7186 0.7191 0.7167 0.7206 0.7163 0.7233 0.7146 0.7282 0.7143 0.7322 0.7126 0.7362 0.7131 0.7393 0.7126 0.7463 0.7141 0.7555 0.7158 0.7595 0.7169 0.7641 0.7205 0.7736 0.7216 0.7751 0.7229 0.7791 0.7246 0.7806 0.7261 0.7812 0.7282 0.7837 0.7310 0.7858 0.7359 0.7880 0.7378 0.7914 0.7400 0.7929 0.7440 0.7938 0.7477 0.7923 0.7517 0.7926 0.7564 0.7883 0.7594 0.7837 0.7635 0.7794 0.7658 0.7785 0.7673 0.7785 0.7716 0.7763 0.7790 0.7763 0.7842 0.7751 0.7863 0.7751 0.7968 0.7711 0.8149 0.7669 0.8181 0.7665 0.8222 0.7665 0.8262 0.7714 0.8309 0.7727 0.8343 0.7727 0.8416 0.7681 0.8439 0.7644 0.8454 0.7635 0.8467 0.7567 0.8476 0.7555 0.8497 0.7546 0.8527 0.7515 0.8578 0.7479 0.8602 0.7405 0.8602 0.7276 0.8610 0.7243 0.8599 0.7206 0.8604 0.7166 0.8595 0.7129 0.8595 0.7089 0.8589 0.7071 0.8572 0.6973 0.8548 0.6949 0.8501 0.6844 0.8495 0.6805 0.8480 0.6783 0.8459 0.6768 0.8431 0.6737 0.8380 0.6725
0 0.9432 0.8039 0.9345 0.8088 0.9306 0.8104 0.9281 0.8128 0.9238 0.8153 0.9219 0.8171 0.9137 0.8220 0.9082 0.8260 0.9024 0.8312 0.8992 0.8330 0.8977 0.8349 0.8941 0.8379 0.8898 0.8431 0.8847 0.8468 0.8815 0.8483 0.8779 0.8554 0.8745 0.8603 0.8689 0.8664 0.8608 0.8784 0.8599 0.8814 0.8582 0.8845 0.8570 0.8903 0.8574 0.8992 0.8576 0.9004 0.8589 0.9026 0.8623 0.9118 0.8646 0.9148 0.8678 0.9203 0.8706 0.9231 0.8753 0.9298 0.8764 0.9308 0.8792 0.9354 0.8854 0.9393 0.8909 0.9406 0.8971 0.9403 0.8992 0.9390 0.9029 0.9360 0.9046 0.9341 0.9078 0.9268 0.9091 0.9249 0.9120 0.9225 0.9148 0.9188 0.9193 0.9157 0.9214 0.9130 0.9242 0.9105 0.9283 0.9081 0.9302 0.9038 0.9368 0.8989 0.9398 0.8974 0.9468 0.8925 0.9475 0.8909 0.9477 0.8885 0.9507 0.8857 0.9511 0.8854 0.9526 0.8863 0.9550 0.8891 0.9590 0.8906 0.9626 0.8891 0.9658 0.8866 0.9710 0.8805 0.9710 0.8793 0.9722 0.8741 0.9759 0.8649 0.9757 0.8603 0.9748 0.8569 0.9742 0.8493 0.9731 0.8462 0.9735 0.8438 0.9750 0.8419 0.9750 0.8413 0.9722 0.8376 0.9720 0.8336 0.9708 0.8324 0.9690 0.8294 0.9599 0.8165 0.9586 0.8131 0.9577 0.8119 0.9567 0.8110 0.9550 0.8104 0.9522 0.8064 0.9473 0.8039
0 0.8023 0.8971 0.7995 0.8992 0.7972 0.9020 0.7948 0.9038 0.7897 0.9093 0.7871 0.9115 0.7825 0.9173 0.7795 0.9197 0.7763 0.9243 0.7728 0.9271 0.7696 0.9317 0.7660 0.9360 0.7626 0.9390 0.7596 0.9427 0.7579 0.9436 0.7564 0.9452 0.7526 0.9534 0.7504 0.9565 0.7479 0.9577 0.7455 0.9614 0.7436 0.9635 0.7415 0.9675 0.7389 0.9709 0.7374 0.9746 0.7353 0.9782 0.7351 0.9828 0.7333 0.9862 0.7323 0.9908 0.7323 0.9997 0.7583 0.9997 0.7583 0.9982 0.7588 0.9975 0.7611 0.9979 0.7613 0.9997 0.7906 0.9997 0.7906 0.9982 0.7910 0.9975 0.7987 0.9975 0.8038 0.9945 0.8064 0.9896 0.8089 0.9868 0.8100 0.9862 0.8117 0.9831 0.8140 0.9810 0.8183 0.9758 0.8222 0.9703 0.8260 0.9688 0.8271 0.9678 0.8303 0.9672 0.8337 0.9651 0.8348 0.9632 0.8354 0.9611 0.8369 0.9586 0.8375 0.9547 0.8384 0.9531 0.8416 0.9433 0.8418 0.9387 0.8409 0.9357 0.8407 0.9317 0.8395 0.9283 0.8382 0.9234 0.8328 0.9164 0.8307 0.9142 0.8296 0.9133 0.8275 0.9130 0.8254 0.9108 0.8234 0.9081 0.8239 0.9041 0.8200 0.9020 0.8181 0.8998 0.8155 0.8986 0.8091 0.8980 0.8051 0.8971
0 0.6424 0.9424 0.6415 0.9430 0.6398 0.9455 0.6390 0.9461 0.6368 0.9464 0.6347 0.9479 0.6317 0.9464 0.6287 0.9467 0.6270 0.9479 0.6228 0.9476 0.6208 0.9488 0.6166 0.9494 0.6151 0.9510 0.6121 0.9516 0.6106 0.9534 0.6091 0.9540 0.6044 0.9540 0.6038 0.9531 0.6035 0.9507 0.6031 0.9510 0.6031 0.9534 0.6035 0.9550 0.6010 0.9559 0.6008 0.9586 0.5995 0.9602 0.5991 0.9617 0.5991 0.9648 0.5995 0.9666 0.5991 0.9688 0.5991 0.9718 0.5995 0.9737 0.5993 0.9786 0.5995 0.9795 0.6010 0.9816 0.6008 0.9865 0.6014 0.9902 0.6046 0.9969 0.6055 0.9979 0.6055 0.9997 0.6561 0.9997 0.6561 0.9939 0.6541 0.9902 0.6529 0.9792 0.6516 0.9758 0.6509 0.9724 0.6501 0.9706 0.6512 0.9669 0.6507 0.9648 0.6490 0.9620 0.6462 0.9602 0.6452 0.9586 0.6456 0.9571 0.6467 0.9556 0.6465 0.9519 0.6452 0.9494 0.6445 0.9473 0.6435 0.9458 0.6428 0.9430
0 0.9665 0.9234 0.9579 0.9271 0.9532 0.9305 0.9509 0.9314 0.9483 0.9335 0.9432 0.9363 0.9381 0.9403 0.9353 0.9415 0.9315 0.9449 0.9272 0.9476 0.9236 0.9510 0.9221 0.9534 0.9195 0.9547 0.9140 0.9605 0.9108 0.9629 0.9035 0.9718 0.8994 0.9746 0.8982 0.9764 0.8926 0.9807 0.8901 0.9838 0.8862 0.9862 0.8836 0.9896 0.8811 0.9939 0.8807 0.9997 0.9430 0.9997 0.9432 0.9975 0.9436 0.9979 0.9436 0.9997 0.9780 0.9997 0.9780 0.9979 0.9784 0.9972 0.9799 0.9963 0.9833 0.9954 0.9853 0.9939 0.9859 0.9926 0.9878 0.9917 0.9891 0.9896 0.9923 0.9881 0.9940 0.9850 0.9979 0.9822 0.9998 0.9822 0.9998 0.9776 0.9979 0.9776 0.9968 0.9758 0.9968 0.9737 0.9977 0.9712 0.9998 0.9709 0.9998 0.9700 0.9981 0.9700 0.9974 0.9681 0.9974 0.9657 0.9979 0.9635 0.9998 0.9629 0.9977 0.9626 0.9957 0.9599 0.9940 0.9550 0.9932 0.9510 0.9923 0.9498 0.9915 0.9467 0.9900 0.9442 0.9887 0.9430 0.9878 0.9393 0.9861 0.9363 0.9823 0.9344 0.9799 0.9320 0.9769 0.9277 0.9746 0.9256 0.9712 0.9234
0 0.3027 0.4715 0.3006 0.4767 0.2987 0.4786 0.2980 0.4813 0.2972 0.4825 0.2948 0.4838 0.2940 0.4859 0.2940 0.4902 0.2950 0.4945 0.2982 0.4966 0.3100 0.4966 0.3117 0.4975 0.3132 0.5000 0.3149 0.5006 0.3164 0.5018 0.3211 0.5031 0.3222 0.5040 0.3275 0.5040 0.3296 0.5046 0.3322 0.5018 0.3328 0.4975 0.3337 0.4960 0.3341 0.4942 0.3339 0.4926 0.3324 0.4890 0.3311 0.4844 0.3309 0.4822 0.3298 0.4798 0.3281 0.4795 0.3260 0.4779 0.3224 0.4810 0.3187 0.4819 0.3140 0.4819 0.3104 0.4798 0.3064 0.4795 0.3055 0.4786 0.3055 0.4737 0.3032 0.4715
0 0.8960 0.1210 0.8888 0.1232 0.8864 0.1250 0.8809 0.1275 0.8796 0.1290 0.8775 0.1305 0.8749 0.1348 0.8749 0.1385 0.8740 0.1419 0.8745 0.1464 0.8760 0.1507 0.8768 0.1559 0.8783 0.1599 0.8796 0.1651 0.8807 0.1673 0.8824 0.1682 0.8834 0.1697 0.8847 0.1706 0.8883 0.1710 0.8890 0.1719 0.8922 0.1829 0.8943 0.1850 0.8958 0.1857 0.8971 0.1869 0.8999 0.1912 0.9003 0.1924 0.9018 0.1939 0.9054 0.1998 0.9058 0.2007 0.9058 0.2050 0.9067 0.2065 0.9080 0.2108 0.9110 0.2166 0.9125 0.2178 0.9159 0.2184 0.9197 0.2218 0.9238 0.2215 0.9274 0.2237 0.9317 0.2227 0.9353 0.2212 0.9396 0.2215 0.9428 0.2206 0.9383 0.2191 0.9370 0.2178 0.9366 0.2166 0.9368 0.2163 0.9394 0.2142 0.9434 0.2142 0.9475 0.2154 0.9539 0.2108 0.9554 0.2080 0.9567 0.2019 0.9564 0.1967 0.9556 0.1921 0.9545 0.1896 0.9494 0.1817 0.9485 0.1771 0.9445 0.1694 0.9434 0.1657 0.9415 0.1633 0.9357 0.1520 0.9325 0.1477 0.9293 0.1385 0.9274 0.1345 0.9197 0.1302 0.9161 0.1259 0.9150 0.1256 0.9120 0.1229 0.9108 0.1222 0.9084 0.1213 0.8997 0.1216 0.8969 0.1210