0 0.5083 0.7341 0.4997 0.7351 0.4977 0.7357 0.4943 0.7362 0.4912 0.7372 0.4863 0.7381 0.4823 0.7394 0.4781 0.7401 0.4764 0.7415 0.4744 0.7426 0.4687 0.7439 0.4667 0.7449 0.4650 0.7479 0.4641 0.7521 0.4661 0.7540 0.4678 0.7548 0.4695 0.7561 0.4744 0.7571 0.4792 0.7571 0.4812 0.7567 0.4846 0.7558 0.4866 0.7546 0.4900 0.7540 0.4940 0.7527 0.4977 0.7522 0.5009 0.7522 0.5034 0.7519 0.5097 0.7498 0.5134 0.7471 0.5168 0.7482 0.5177 0.7481 0.5191 0.7458 0.5208 0.7442 0.5194 0.7420 0.5188 0.7402 0.5151 0.7364 0.5134 0.7354 0.5097 0.7341
0 0.4029 0.7423 0.3961 0.7431 0.3918 0.7441 0.3887 0.7450 0.3864 0.7463 0.3847 0.7478 0.3807 0.7481 0.3761 0.7497 0.3713 0.7519 0.3707 0.7558 0.3722 0.7580 0.3727 0.7598 0.3759 0.7611 0.3767 0.7617 0.3810 0.7620 0.3844 0.7628 0.3921 0.7604 0.3966 0.7601 0.3989 0.7596 0.4003 0.7590 0.4032 0.7588 0.4058 0.7580 0.4109 0.7571 0.4120 0.7567 0.4132 0.7558 0.4143 0.7542 0.4151 0.7519 0.4143 0.7482 0.4134 0.7466 0.4123 0.7454 0.4100 0.7439 0.4080 0.7431 0.4046 0.7423
0 0.2944 0.7410 0.2913 0.7415 0.2876 0.7429 0.2845 0.7434 0.2813 0.7447 0.2742 0.7465 0.2716 0.7479 0.2702 0.7495 0.2694 0.7513 0.2694 0.7526 0.2714 0.7564 0.2753 0.7571 0.2788 0.7580 0.2830 0.7575 0.2907 0.7561 0.2967 0.7542 0.2984 0.7534 0.3064 0.7511 0.3144 0.7497 0.3220 0.7495 0.3246 0.7487 0.3257 0.7479 0.3240 0.7444 0.3220 0.7434 0.3146 0.7421 0.3106 0.7428 0.3087 0.7428 0.3055 0.7425 0.3027 0.7413 0.2987 0.7415 0.2953 0.7410
0 0.1720 0.7641 0.1649 0.7643 0.1626 0.7646 0.1549 0.7649 0.1469 0.7662 0.1412 0.7663 0.1370 0.7675 0.1344 0.7689 0.1327 0.7712 0.1335 0.7758 0.1344 0.7776 0.1361 0.7787 0.1381 0.7793 0.1415 0.7796 0.1429 0.7796 0.1466 0.7788 0.1503 0.7785 0.1575 0.7769 0.1629 0.7768 0.1694 0.7756 0.1737 0.7753 0.1794 0.7739 0.1856 0.7732 0.1894 0.7726 0.1913 0.7720 0.1925 0.7713 0.1911 0.7694 0.1905 0.7676 0.1896 0.7668 0.1854 0.7647 0.1788 0.7641
0 0.3448 0.4910 0.3428 0.4915 0.3374 0.4921 0.3337 0.4931 0.3320 0.4941 0.3320 0.4982 0.3329 0.4998 0.3349 0.5014 0.3374 0.5027 0.3414 0.5032 0.3437 0.5040 0.3457 0.5053 0.3477 0.5058 0.3488 0.5058 0.3531 0.5074 0.3568 0.5080 0.3645 0.5079 0.3690 0.5061 0.3713 0.5019 0.3699 0.4979 0.3690 0.4970 0.3647 0.4946 0.3633 0.4941 0.3573 0.4925 0.3511 0.4918 0.3465 0.4910
0 0.4351 0.5287 0.4331 0.5292 0.4317 0.5301 0.4294 0.5332 0.4308 0.5370 0.4339 0.5383 0.4348 0.5391 0.4354 0.5407 0.4394 0.5426 0.4408 0.5429 0.4433 0.5441 0.4470 0.5444 0.4550 0.5442 0.4621 0.5423 0.4627 0.5420 0.4633 0.5409 0.4621 0.5372 0.4556 0.5314 0.4510 0.5292 0.4476 0.5288 0.4376 0.5287
0 0.3064 0.4449 0.3032 0.4458 0.2978 0.4457 0.2876 0.4471 0.2867 0.4478 0.2853 0.4508 0.2856 0.4538 0.2870 0.4554 0.2910 0.4562 0.2953 0.4562 0.2964 0.4558 0.2973 0.4545 0.2987 0.4535 0.3004 0.4534 0.3027 0.4524 0.3032 0.4529 0.3044 0.4532 0.3078 0.4537 0.3104 0.4550 0.3109 0.4559 0.3112 0.4590 0.3138 0.4603 0.3144 0.4604 0.3158 0.4601 0.3183 0.4591 0.3215 0.4603 0.3249 0.4604 0.3260 0.4607 0.3266 0.4603 0.3286 0.4598 0.3297 0.4598 0.3306 0.4593 0.3326 0.4569 0.3340 0.4559 0.3343 0.4498 0.3349 0.4470 0.3337 0.4450 0.3326 0.4454 0.3280 0.4457 0.3235 0.4457 0.3149 0.4449 0.3081 0.4449
0 0.3064 0.4447 0.2990 0.4468 0.2947 0.4463 0.2893 0.4471 0.2870 0.4478 0.2853 0.4508 0.2856 0.4542 0.2870 0.4562 0.2947 0.4571 0.2967 0.4582 0.2973 0.4590 0.2987 0.4596 0.3035 0.4595 0.3067 0.4599 0.3089 0.4596 0.3104 0.4591 0.3126 0.4604 0.3144 0.4609 0.3183 0.4603 0.3229 0.4603 0.3260 0.4614 0.3274 0.4606 0.3300 0.4601 0.3346 0.4550 0.3351 0.4473 0.3343 0.4460 0.3337 0.4455 0.3255 0.4457 0.3212 0.4452 0.3118 0.4447
0 0.3528 0.4361 0.3502 0.4365 0.3457 0.4365 0.3420 0.4373 0.3377 0.4373 0.3357 0.4393 0.3349 0.4423 0.3349 0.4439 0.3357 0.4454 0.3380 0.4466 0.3451 0.4479 0.3542 0.4482 0.3610 0.4490 0.3653 0.4490 0.3682 0.4495 0.3727 0.4494 0.3767 0.4478 0.3773 0.4473 0.3793 0.4436 0.3787 0.4397 0.3767 0.4385 0.3730 0.4383 0.3687 0.4388 0.3676 0.4383 0.3613 0.4372 0.3573 0.4361
0 0.4137 0.4567 0.4083 0.4571 0.4046 0.4582 0.3972 0.4585 0.3949 0.4588 0.3932 0.4595 0.3924 0.4599 0.3904 0.4628 0.3904 0.4667 0.3924 0.4676 0.3969 0.4678 0.4015 0.4684 0.4083 0.4686 0.4134 0.4691 0.4203 0.4688 0.4228 0.4692 0.4254 0.4692 0.4277 0.4688 0.4317 0.4667 0.4317 0.4619 0.4302 0.4601 0.4285 0.4588 0.4237 0.4588 0.4200 0.4571 0.4166 0.4567
0 0.2870 0.3888 0.2847 0.3905 0.2825 0.3950 0.2816 0.4003 0.2830 0.4018 0.2862 0.4022 0.2921 0.4019 0.2976 0.4026 0.3044 0.4026 0.3112 0.4032 0.3138 0.4037 0.3235 0.4037 0.3260 0.4034 0.3277 0.4011 0.3274 0.3973 0.3272 0.3963 0.3260 0.3952 0.3195 0.3936 0.3172 0.3925 0.3098 0.3905 0.3021 0.3897 0.2973 0.3896 0.2879 0.3888
0 0.3605 0.3729 0.3576 0.3736 0.3531 0.3732 0.3491 0.3740 0.3474 0.3750 0.3462 0.3766 0.3454 0.3792 0.3445 0.3849 0.3465 0.3857 0.3659 0.3864 0.3687 0.3869 0.3730 0.3867 0.3767 0.3873 0.3793 0.3870 0.3847 0.3873 0.3884 0.3861 0.3895 0.3849 0.3898 0.3835 0.3895 0.3800 0.3881 0.3784 0.3778 0.3745 0.3696 0.3729
0 0.5174 0.3756 0.5140 0.3763 0.5077 0.3763 0.5031 0.3760 0.4952 0.3761 0.4897 0.3758 0.4869 0.3766 0.4860 0.3774 0.4858 0.3792 0.4849 0.3808 0.4852 0.3848 0.4866 0.3857 0.4935 0.3864 0.4980 0.3859 0.5191 0.3859 0.5251 0.3856 0.5279 0.3848 0.5288 0.3837 0.5293 0.3819 0.5293 0.3803 0.5279 0.3784 0.5253 0.3769 0.5222 0.3766 0.5177 0.3756
0 0.6304 0.3715 0.6264 0.3716 0.6190 0.3726 0.6150 0.3726 0.6130 0.3729 0.6113 0.3732 0.6088 0.3752 0.6076 0.3766 0.6076 0.3780 0.6082 0.3804 0.6093 0.3819 0.6110 0.3830 0.6156 0.3830 0.6179 0.3833 0.6227 0.3832 0.6259 0.3825 0.6313 0.3825 0.6341 0.3822 0.6387 0.3824 0.6415 0.3817 0.6466 0.3817 0.6495 0.3814 0.6518 0.3806 0.6523 0.3766 0.6512 0.3747 0.6501 0.3739 0.6466 0.3729 0.6446 0.3728 0.6409 0.3728 0.6384 0.3731 0.6350 0.3720 0.6307 0.3715
0 0.4217 0.3933 0.4197 0.3934 0.4166 0.3955 0.4157 0.3965 0.4154 0.3981 0.4143 0.4003 0.4154 0.4026 0.4163 0.4032 0.4220 0.4042 0.4319 0.4043 0.4379 0.4048 0.4479 0.4051 0.4499 0.4054 0.4516 0.4054 0.4542 0.4046 0.4550 0.4040 0.4559 0.3998 0.4547 0.3982 0.4510 0.3981 0.4499 0.3974 0.4493 0.3965 0.4470 0.3952 0.4433 0.3941 0.4388 0.3947 0.4317 0.3937 0.4291 0.3937 0.4251 0.3933
0 0.1634 0.3646 0.1580 0.3647 0.1575 0.3651 0.1569 0.3663 0.1540 0.3691 0.1535 0.3720 0.1535 0.3736 0.1540 0.3745 0.1543 0.3747 0.1586 0.3742 0.1623 0.3731 0.1657 0.3745 0.1697 0.3745 0.1717 0.3769 0.1771 0.3776 0.1817 0.3771 0.1868 0.3771 0.1894 0.3774 0.1908 0.3768 0.1919 0.3726 0.1911 0.3716 0.1894 0.3707 0.1888 0.3707 0.1876 0.3713 0.1865 0.3752 0.1859 0.3758 0.1851 0.3761 0.1837 0.3752 0.1828 0.3729 0.1837 0.3712 0.1859 0.3691 0.1819 0.3679 0.1791 0.3663 0.1774 0.3649 0.1737 0.3647 0.1697 0.3651 0.1671 0.3646
0 0.2830 0.3686 0.2793 0.3691 0.2742 0.3702 0.2711 0.3705 0.2674 0.3716 0.2659 0.3724 0.2651 0.3734 0.2637 0.3766 0.2657 0.3788 0.2677 0.3798 0.2719 0.3809 0.2785 0.3812 0.2813 0.3817 0.2830 0.3824 0.2867 0.3829 0.2910 0.3830 0.2953 0.3837 0.3061 0.3845 0.3087 0.3832 0.3104 0.3814 0.3109 0.3769 0.3095 0.3745 0.3067 0.3731 0.3027 0.3731 0.2990 0.3708 0.2961 0.3700 0.2833 0.3686
0 0.1407 0.3793 0.1341 0.3800 0.1327 0.3808 0.1307 0.3827 0.1298 0.3841 0.1298 0.3864 0.1301 0.3885 0.1310 0.3896 0.1387 0.3902 0.1427 0.3912 0.1495 0.3917 0.1540 0.3926 0.1597 0.3926 0.1660 0.3933 0.1700 0.3933 0.1723 0.3925 0.1731 0.3907 0.1734 0.3883 0.1720 0.3864 0.1703 0.3854 0.1663 0.3845 0.1620 0.3822 0.1583 0.3814 0.1543 0.3800 0.1501 0.3800 0.1438 0.3793
0 0.6304 0.4067 0.6273 0.4074 0.6264 0.4082 0.6256 0.4112 0.6236 0.4155 0.6230 0.4199 0.6256 0.4202 0.6384 0.4202 0.6424 0.4210 0.6455 0.4213 0.6469 0.4213 0.6532 0.4199 0.6546 0.4192 0.6580 0.4188 0.6600 0.4181 0.6629 0.4176 0.6660 0.4163 0.6697 0.4167 0.6703 0.4159 0.6697 0.4155 0.6663 0.4151 0.6654 0.4143 0.6649 0.4119 0.6623 0.4103 0.6580 0.4090 0.6503 0.4090 0.6469 0.4075 0.6438 0.4071 0.6407 0.4071 0.6384 0.4074 0.6315 0.4067
0 0.6691 0.4183 0.6680 0.4186 0.6580 0.4197 0.6543 0.4212 0.6509 0.4205 0.6464 0.4212 0.6449 0.4231 0.6449 0.4276 0.6455 0.4282 0.6466 0.4290 0.6546 0.4290 0.6577 0.4298 0.6617 0.4298 0.6646 0.4304 0.6669 0.4306 0.6734 0.4322 0.6831 0.4329 0.6856 0.4329 0.6876 0.4324 0.6891 0.4316 0.6896 0.4308 0.6902 0.4276 0.6894 0.4255 0.6879 0.4239 0.6854 0.4228 0.6811 0.4228 0.6777 0.4220 0.6757 0.4212 0.6731 0.4196 0.6700 0.4183
0 0.4823 0.4043 0.4784 0.4067 0.4767 0.4088 0.4755 0.4120 0.4761 0.4139 0.4775 0.4155 0.4789 0.4159 0.4863 0.4151 0.4920 0.4165 0.5023 0.4178 0.5071 0.4178 0.5091 0.4175 0.5177 0.4178 0.5196 0.4173 0.5214 0.4160 0.5214 0.4115 0.5179 0.4099 0.5100 0.4080 0.5068 0.4069 0.4969 0.4058 0.4909 0.4054 0.4832 0.4043