0 0.3025 0.8489 0.2981 0.8501 0.2948 0.8520 0.2926 0.8596 0.2877 0.8688 0.2861 0.8762 0.2861 0.8933 0.2877 0.8986 0.2894 0.9004 0.2894 0.9032 0.2905 0.9056 0.2921 0.9032 0.2948 0.9019 0.2981 0.9032 0.2997 0.9032 0.3041 0.9025 0.3068 0.9016 0.3090 0.9035 0.3090 0.9084 0.3101 0.9096 0.3117 0.9084 0.3117 0.8998 0.3139 0.8973 0.3144 0.8918 0.3161 0.8881 0.3183 0.8707 0.3183 0.8679 0.3166 0.8655 0.3172 0.8517 0.3144 0.8489
0 0.2986 0.9047 0.2954 0.9059 0.2910 0.9059 0.2883 0.9081 0.2877 0.9120 0.2828 0.9203 0.2828 0.9366 0.2839 0.9418 0.2839 0.9473 0.2861 0.9519 0.2894 0.9528 0.3019 0.9525 0.3057 0.9519 0.3074 0.9504 0.3084 0.9458 0.3090 0.9356 0.3084 0.9280 0.3101 0.9237 0.3079 0.9188 0.3057 0.9169 0.3052 0.9154 0.3079 0.9130 0.3079 0.9105 0.3057 0.9099 0.3041 0.9062 0.3025 0.9053 0.2992 0.9050
0 0.3804 0.8455 0.3777 0.8465 0.3728 0.8468 0.3728 0.8474 0.3711 0.8483 0.3689 0.8486 0.3678 0.8514 0.3646 0.8526 0.3635 0.8557 0.3613 0.8575 0.3602 0.8624 0.3569 0.8673 0.3559 0.8698 0.3559 0.8725 0.3537 0.8759 0.3531 0.8894 0.3520 0.8924 0.3526 0.9025 0.3548 0.9074 0.3569 0.9102 0.3608 0.9108 0.3684 0.9096 0.3744 0.9062 0.3760 0.9059 0.3787 0.9038 0.3820 0.8961 0.3826 0.8906 0.3837 0.8888 0.3847 0.8826 0.3847 0.8756 0.3858 0.8737 0.3842 0.8572 0.3842 0.8581 0.3831 0.8587 0.3804 0.8590 0.3766 0.8606 0.3728 0.8584 0.3689 0.8587 0.3673 0.8575 0.3673 0.8563 0.3689 0.8529 0.3728 0.8547 0.3766 0.8520 0.3804 0.8550 0.3826 0.8547 0.3831 0.8529 0.3804 0.8495
0 0.5602 0.8698 0.5597 0.8731 0.5575 0.8768 0.5569 0.8796 0.5569 0.8930 0.5553 0.8998 0.5559 0.9041 0.5597 0.9078 0.5744 0.9081 0.5766 0.9078 0.5793 0.9065 0.5804 0.9050 0.5809 0.8986 0.5820 0.8961 0.5815 0.8869 0.5826 0.8848 0.5815 0.8805 0.5815 0.8728 0.5798 0.8722 0.5635 0.8725 0.5602 0.8701
0 0.6959 0.8661 0.6926 0.8664 0.6894 0.8682 0.6888 0.8694 0.6888 0.8734 0.6899 0.8765 0.6899 0.8891 0.6888 0.8912 0.6894 0.9007 0.6905 0.9035 0.6932 0.9062 0.6954 0.9056 0.7014 0.9056 0.7074 0.9047 0.7101 0.9047 0.7123 0.9053 0.7134 0.9047 0.7150 0.9007 0.7144 0.8952 0.7155 0.8921 0.7139 0.8860 0.7144 0.8753 0.7161 0.8710 0.7193 0.8704 0.7199 0.8691 0.7166 0.8688 0.7112 0.8667 0.7035 0.8661
0 0.6932 0.8664 0.6894 0.8691 0.6894 0.8878 0.6877 0.8952 0.6888 0.8995 0.6883 0.9044 0.6899 0.9228 0.6899 0.9369 0.6883 0.9393 0.6894 0.9439 0.6916 0.9479 0.6970 0.9504 0.7046 0.9504 0.7090 0.9491 0.7123 0.9473 0.7128 0.9464 0.7144 0.9396 0.7144 0.9215 0.7166 0.9148 0.7166 0.8961 0.7177 0.8952 0.7183 0.8930 0.7172 0.8912 0.7139 0.8888 0.7144 0.8799 0.7134 0.8753 0.7117 0.8731 0.7134 0.8688 0.7090 0.8667 0.7014 0.8664 0.6975 0.8676 0.6937 0.8667
0 0.7738 0.8633 0.7678 0.8645 0.7526 0.8645 0.7515 0.8652 0.7493 0.8688 0.7493 0.9001 0.7482 0.9041 0.7537 0.9071 0.7553 0.9090 0.7624 0.9096 0.7722 0.9090 0.7755 0.9081 0.7777 0.9050 0.7793 0.8842 0.7809 0.8802 0.7809 0.8756 0.7831 0.8734 0.7831 0.8688 0.7820 0.8691 0.7809 0.8716 0.7793 0.8725 0.7787 0.8722 0.7782 0.8676 0.7749 0.8633
0 0.3106 0.7714 0.3057 0.7790 0.3046 0.7928 0.3052 0.7968 0.3074 0.8020 0.3090 0.8039 0.3144 0.8063 0.3221 0.8063 0.3259 0.8051 0.3319 0.7987 0.3346 0.7913 0.3341 0.7842 0.3351 0.7803 0.3351 0.7741 0.3341 0.7720 0.3324 0.7714 0.3253 0.7714 0.3193 0.7723 0.3166 0.7723 0.3117 0.7714
0 0.3809 0.7248 0.3798 0.7276 0.3760 0.7318 0.3755 0.7334 0.3749 0.7545 0.3755 0.7603 0.3771 0.7631 0.3837 0.7652 0.3869 0.7656 0.3929 0.7656 0.3962 0.7646 0.3989 0.7613 0.3995 0.7582 0.4011 0.7564 0.4022 0.7533 0.4022 0.7383 0.4033 0.7334 0.4049 0.7321 0.4038 0.7300 0.4038 0.7276 0.4000 0.7254 0.3989 0.7260 0.3946 0.7260 0.3924 0.7254 0.3896 0.7263 0.3869 0.7263 0.3815 0.7251
0 0.3237 0.7279 0.3183 0.7285 0.3155 0.7325 0.3144 0.7358 0.3123 0.7383 0.3106 0.7426 0.3095 0.7469 0.3095 0.7588 0.3117 0.7631 0.3112 0.7708 0.3128 0.7726 0.3161 0.7726 0.3183 0.7717 0.3210 0.7726 0.3264 0.7720 0.3308 0.7723 0.3335 0.7732 0.3368 0.7720 0.3395 0.7668 0.3401 0.7597 0.3390 0.7518 0.3373 0.7493 0.3373 0.7435 0.3390 0.7410 0.3395 0.7383 0.3411 0.7364 0.3379 0.7328 0.3373 0.7285 0.3346 0.7279
0 0.2790 0.7303 0.2785 0.7346 0.2752 0.7386 0.2741 0.7435 0.2752 0.7637 0.2790 0.7674 0.2828 0.7659 0.2866 0.7668 0.2894 0.7662 0.2932 0.7662 0.2948 0.7659 0.2975 0.7640 0.3003 0.7597 0.2992 0.7557 0.2975 0.7533 0.2975 0.7398 0.2959 0.7361 0.2948 0.7349 0.2921 0.7340 0.2823 0.7340 0.2796 0.7325 0.2790 0.7312
0 0.2283 0.7073 0.2245 0.7086 0.2207 0.7086 0.2196 0.7110 0.2180 0.7119 0.2163 0.7119 0.2153 0.7153 0.2125 0.7181 0.2114 0.7223 0.2087 0.7245 0.2082 0.7272 0.2044 0.7321 0.2038 0.7573 0.2054 0.7616 0.2054 0.7692 0.2038 0.7754 0.2033 0.7892 0.2022 0.7965 0.2011 0.7987 0.2005 0.8082 0.2011 0.8106 0.2087 0.8118 0.2169 0.8118 0.2191 0.8124 0.2240 0.8121 0.2267 0.8103 0.2278 0.8057 0.2300 0.8026 0.2311 0.7990 0.2311 0.7895 0.2332 0.7797 0.2332 0.7668 0.2322 0.7649 0.2294 0.7637 0.2322 0.7603 0.2311 0.7567 0.2316 0.7508 0.2305 0.7481 0.2316 0.7447 0.2311 0.7389 0.2316 0.7361 0.2343 0.7349 0.2360 0.7334 0.2360 0.7272 0.2338 0.7245 0.2354 0.7214 0.2349 0.7168 0.2360 0.7162 0.2360 0.7098 0.2316 0.7073
0 0.4659 0.7518 0.4627 0.7530 0.4583 0.7557 0.4540 0.7631 0.4540 0.7677 0.4512 0.7692 0.4501 0.7720 0.4485 0.7898 0.4485 0.7947 0.4496 0.7980 0.4518 0.8005 0.4545 0.8011 0.4605 0.8014 0.4638 0.8011 0.4670 0.7999 0.4687 0.7983 0.4708 0.7937 0.4719 0.7861 0.4736 0.7833 0.4730 0.7790 0.4741 0.7747 0.4703 0.7674 0.4714 0.7668 0.4725 0.7646 0.4730 0.7579 0.4725 0.7548 0.4703 0.7521 0.4687 0.7518
0 0.5286 0.7208 0.5248 0.7211 0.5172 0.7230 0.5123 0.7285 0.5106 0.7337 0.5106 0.7634 0.5117 0.7668 0.5134 0.7686 0.5199 0.7695 0.5264 0.7695 0.5330 0.7683 0.5346 0.7662 0.5362 0.7588 0.5384 0.7539 0.5384 0.7459 0.5390 0.7420 0.5401 0.7401 0.5401 0.7282 0.5384 0.7266 0.5368 0.7230 0.5330 0.7214 0.5292 0.7208
0 0.6959 0.7190 0.6888 0.7205 0.6839 0.7285 0.6817 0.7358 0.6817 0.7450 0.6807 0.7515 0.6812 0.7582 0.6817 0.7594 0.6866 0.7622 0.6921 0.7631 0.6970 0.7625 0.7019 0.7597 0.7041 0.7548 0.7057 0.7358 0.7074 0.7325 0.7074 0.7245 0.7057 0.7205 0.7008 0.7190
0 0.8142 0.5945 0.8104 0.5952 0.8093 0.5964 0.8060 0.5979 0.8000 0.5994 0.7956 0.6031 0.7886 0.6068 0.7875 0.6080 0.7826 0.6099 0.7760 0.6154 0.7684 0.6200 0.7646 0.6246 0.7569 0.6310 0.7477 0.6356 0.7460 0.6381 0.7460 0.6482 0.7471 0.6531 0.7515 0.6592 0.7559 0.6604 0.7597 0.6607 0.7651 0.6592 0.7673 0.6577 0.7711 0.6574 0.7722 0.6561 0.7782 0.6531 0.7815 0.6494 0.7869 0.6466 0.7902 0.6427 0.7962 0.6402 0.7978 0.6381 0.8038 0.6353 0.8136 0.6286 0.8163 0.6258 0.8229 0.6230 0.8262 0.6200 0.8300 0.6154 0.8300 0.6028 0.8262 0.5982 0.8245 0.5973 0.8147 0.5949
0 0.6926 0.5786 0.6883 0.5798 0.6812 0.5854 0.6774 0.5909 0.6768 0.5961 0.6747 0.6016 0.6714 0.6034 0.6730 0.6047 0.6736 0.6077 0.6757 0.6108 0.6817 0.6160 0.6839 0.6194 0.6937 0.6273 0.7008 0.6304 0.7090 0.6283 0.7144 0.6252 0.7161 0.6197 0.7188 0.6160 0.7188 0.6139 0.7166 0.6025 0.7144 0.5991 0.7139 0.5961 0.7106 0.5909 0.7101 0.5878 0.7035 0.5801 0.7008 0.5789 0.6981 0.5786
0 0.6180 0.5866 0.6147 0.5869 0.6125 0.5899 0.6093 0.5921 0.6076 0.5927 0.6027 0.5924 0.5995 0.5936 0.5995 0.5952 0.5973 0.5991 0.5978 0.6031 0.6038 0.6132 0.6054 0.6148 0.6065 0.6197 0.6098 0.6224 0.6163 0.6258 0.6185 0.6279 0.6234 0.6307 0.6262 0.6313 0.6316 0.6304 0.6403 0.6267 0.6414 0.6200 0.6431 0.6169 0.6425 0.6089 0.6420 0.6071 0.6392 0.6059 0.6381 0.6044 0.6338 0.6031 0.6327 0.6007 0.6300 0.5994 0.6300 0.5970 0.6289 0.5955 0.6267 0.5949 0.6262 0.5958 0.6229 0.5976 0.6223 0.5973 0.6213 0.5949 0.6223 0.5936 0.6245 0.5927 0.6245 0.5912 0.6229 0.5878 0.6191 0.5866
0 0.5837 0.5795 0.5760 0.5801 0.5755 0.5817 0.5706 0.5838 0.5700 0.5850 0.5662 0.5872 0.5640 0.5903 0.5635 0.5939 0.5608 0.5979 0.5591 0.6034 0.5602 0.6096 0.5640 0.6160 0.5678 0.6203 0.5695 0.6212 0.5711 0.6237 0.5771 0.6276 0.5793 0.6307 0.5831 0.6325 0.5886 0.6332 0.5956 0.6313 0.6022 0.6270 0.6016 0.6218 0.5984 0.6194 0.5946 0.6145 0.5918 0.6135 0.5891 0.6114 0.5891 0.6083 0.5913 0.6068 0.5946 0.6083 0.5956 0.6083 0.5973 0.6071 0.5956 0.6053 0.5929 0.6037 0.5924 0.6022 0.5913 0.6016 0.5902 0.6056 0.5891 0.6062 0.5869 0.6056 0.5853 0.6034 0.5853 0.6022 0.5869 0.6013 0.5896 0.6013 0.5896 0.5991 0.5875 0.5979 0.5858 0.5982 0.5853 0.6004 0.5842 0.6010 0.5826 0.6001 0.5826 0.5982 0.5869 0.5918 0.5815 0.5857 0.5809 0.5838 0.5820 0.5826 0.5842 0.5820 0.5858 0.5832 0.5858 0.5847 0.5869 0.5854 0.5907 0.5850 0.5907 0.5838 0.5858 0.5811 0.5858 0.5801 0.5842 0.5798
0 0.5515 0.6224 0.5493 0.6230 0.5488 0.6255 0.5450 0.6276 0.5439 0.6310 0.5395 0.6344 0.5379 0.6414 0.5395 0.6635 0.5406 0.6656 0.5417 0.6663 0.5499 0.6687 0.5526 0.6687 0.5559 0.6678 0.5591 0.6660 0.5613 0.6638 0.5624 0.6620 0.5629 0.6574 0.5646 0.6546 0.5657 0.6424 0.5678 0.6387 0.5662 0.6298 0.5646 0.6279 0.5613 0.6261 0.5602 0.6246 0.5586 0.6243 0.5575 0.6230 0.5537 0.6224
0 0.2480 0.5746 0.2441 0.5759 0.2431 0.5789 0.2392 0.5817 0.2349 0.5924 0.2338 0.6129 0.2349 0.6191 0.2360 0.6209 0.2376 0.6215 0.2436 0.6221 0.2518 0.6221 0.2540 0.6206 0.2567 0.6200 0.2589 0.6188 0.2599 0.6160 0.2621 0.6037 0.2621 0.5979 0.2632 0.5964 0.2627 0.5798 0.2616 0.5792 0.2616 0.5762 0.2599 0.5752 0.2485 0.5749
0 0.2948 0.5743 0.2921 0.5780 0.2899 0.5795 0.2894 0.5820 0.2866 0.5847 0.2845 0.5909 0.2812 0.5955 0.2807 0.5994 0.2823 0.6031 0.2866 0.6074 0.2894 0.6129 0.2937 0.6163 0.2965 0.6194 0.3003 0.6218 0.3025 0.6249 0.3112 0.6307 0.3144 0.6307 0.3172 0.6289 0.3215 0.6286 0.3253 0.6273 0.3281 0.6276 0.3297 0.6292 0.3319 0.6249 0.3330 0.6188 0.3297 0.6160 0.3259 0.6184 0.3237 0.6160 0.3248 0.6120 0.3281 0.6074 0.3259 0.6013 0.3259 0.5991 0.3226 0.5985 0.3204 0.5973 0.3193 0.5958 0.3193 0.5939 0.3155 0.5918 0.3150 0.5906 0.3139 0.5903 0.3112 0.5875 0.3112 0.5866 0.3079 0.5838 0.3090 0.5826 0.3112 0.5817 0.3123 0.5798 0.3101 0.5786 0.3063 0.5798 0.3008 0.5795 0.2986 0.5811 0.2986 0.5743
0 0.3433 0.6319 0.3417 0.6322 0.3406 0.6341 0.3384 0.6408 0.3379 0.6470 0.3395 0.6620 0.3417 0.6675 0.3499 0.6684 0.3531 0.6699 0.3569 0.6684 0.3613 0.6681 0.3646 0.6656 0.3657 0.6604 0.3695 0.6549 0.3700 0.6494 0.3678 0.6460 0.3635 0.6427 0.3640 0.6384 0.3662 0.6347 0.3602 0.6329 0.3569 0.6329 0.3531 0.6319 0.3482 0.6319
0 0.4109 0.6347 0.4076 0.6353 0.4060 0.6375 0.4054 0.6408 0.4038 0.6427 0.4033 0.6485 0.4033 0.6546 0.4044 0.6580 0.4044 0.6687 0.4065 0.6721 0.4076 0.6730 0.4098 0.6733 0.4207 0.6727 0.4229 0.6724 0.4245 0.6715 0.4256 0.6702 0.4256 0.6586 0.4278 0.6546 0.4278 0.6488 0.4267 0.6466 0.4272 0.6424 0.4256 0.6381 0.4196 0.6347 0.4163 0.6356 0.4120 0.6347
0 0.4801 0.6329 0.4785 0.6332 0.4768 0.6344 0.4763 0.6466 0.4790 0.6583 0.4812 0.6635 0.4812 0.6656 0.4823 0.6681 0.4834 0.6687 0.4861 0.6696 0.4899 0.6696 0.4932 0.6702 0.5014 0.6702 0.5014 0.6650 0.5030 0.6571 0.4997 0.6506 0.5025 0.6460 0.4992 0.6427 0.5003 0.6375 0.5019 0.6347 0.4926 0.6329
0 0.3749 0.5838 0.3728 0.5854 0.3722 0.5872 0.3711 0.5878 0.3717 0.5899 0.3738 0.5909 0.3744 0.5918 0.3749 0.5955 0.3668 0.5979 0.3635 0.6004 0.3619 0.6034 0.3689 0.6142 0.3717 0.6157 0.3733 0.6188 0.3760 0.6209 0.3771 0.6227 0.3853 0.6270 0.3886 0.6310 0.3962 0.6325 0.4011 0.6313 0.4054 0.6295 0.4093 0.6227 0.4060 0.6184 0.4022 0.6157 0.4005 0.6126 0.3978 0.6111 0.3989 0.6071 0.3978 0.6065 0.3962 0.6028 0.3929 0.6010 0.3924 0.5994 0.3891 0.5988 0.3847 0.5958 0.3896 0.5927 0.3891 0.5903 0.3853 0.5875 0.3842 0.5844 0.3804 0.5844 0.3793 0.5838
0 0.4234 0.5887 0.4207 0.5899 0.4196 0.5915 0.4109 0.5958 0.4049 0.5970 0.4033 0.6031 0.4071 0.6071 0.4093 0.6117 0.4125 0.6151 0.4142 0.6191 0.4174 0.6212 0.4202 0.6243 0.4240 0.6261 0.4262 0.6283 0.4311 0.6310 0.4354 0.6310 0.4381 0.6295 0.4474 0.6264 0.4496 0.6240 0.4485 0.6188 0.4447 0.6163 0.4431 0.6142 0.4392 0.6114 0.4381 0.6080 0.4338 0.6053 0.4305 0.6044 0.4294 0.6031 0.4294 0.6016 0.4262 0.5998 0.4262 0.5973 0.4278 0.5955 0.4283 0.5915
0 0.4431 0.5887 0.4425 0.5899 0.4409 0.5909 0.4392 0.5909 0.4381 0.5918 0.4398 0.5955 0.4387 0.5973 0.4387 0.5998 0.4409 0.6016 0.4420 0.6040 0.4463 0.6089 0.4496 0.6117 0.4540 0.6188 0.4556 0.6197 0.4583 0.6230 0.4621 0.6252 0.4665 0.6289 0.4747 0.6289 0.4768 0.6283 0.4845 0.6243 0.4866 0.6227 0.4856 0.6181 0.4812 0.6157 0.4801 0.6139 0.4757 0.6111 0.4752 0.6093 0.4698 0.6050 0.4681 0.6025 0.4659 0.6013 0.4627 0.5973 0.4599 0.5955 0.4599 0.5936 0.4567 0.5921 0.4550 0.5921 0.4507 0.5899 0.4452 0.5893 0.4436 0.5887
0 0.5014 0.5872 0.4943 0.5906 0.4894 0.5906 0.4861 0.5921 0.4823 0.5915 0.4790 0.5998 0.4807 0.6040 0.4839 0.6071 0.4883 0.6132 0.4916 0.6157 0.4943 0.6203 0.5057 0.6276 0.5095 0.6255 0.5144 0.6255 0.5183 0.6246 0.5215 0.6221 0.5253 0.6135 0.5253 0.6068 0.5226 0.6034 0.5204 0.5982 0.5172 0.5964 0.5150 0.5973 0.5128 0.5973 0.5052 0.5887 0.5019 0.5872