0 0.2983 0.6458 0.2910 0.6481 0.2871 0.6505 0.2832 0.6544 0.2778 0.6575 0.2705 0.6665 0.2681 0.6736 0.2632 0.6810 0.2622 0.6850 0.2617 0.6904 0.2632 0.6987 0.2637 0.7002 0.2661 0.7014 0.2710 0.7014 0.2788 0.6995 0.2832 0.7010 0.2905 0.6995 0.2954 0.6995 0.2983 0.6983 0.3042 0.6987 0.3066 0.6979 0.3101 0.6979 0.3140 0.6955 0.3184 0.6951 0.3223 0.6940 0.3252 0.6889 0.3296 0.6842 0.3335 0.6814 0.3330 0.6775 0.3340 0.6755 0.3340 0.6650 0.3320 0.6583 0.3301 0.6552 0.3276 0.6532 0.3262 0.6493 0.3223 0.6462 0.2998 0.6458
0 0.5908 0.8154 0.5620 0.8186 0.5571 0.8201 0.5537 0.8221 0.5518 0.8252 0.5483 0.8256 0.5498 0.8303 0.5449 0.8362 0.5410 0.8354 0.5405 0.8366 0.5410 0.8397 0.5439 0.8417 0.5420 0.8429 0.5400 0.8495 0.5425 0.8538 0.5430 0.8574 0.5449 0.8625 0.5464 0.8617 0.5488 0.8585 0.5498 0.8593 0.5508 0.8625 0.5537 0.8648 0.5557 0.8860 0.5566 0.8903 0.5581 0.8922 0.5576 0.8946 0.5566 0.8954 0.5566 0.8985 0.5591 0.9044 0.5610 0.9048 0.5640 0.9016 0.5679 0.9040 0.5684 0.9067 0.5703 0.9095 0.5713 0.9130 0.5723 0.9138 0.5747 0.9138 0.5791 0.9158 0.5840 0.9197 0.5820 0.9236 0.5835 0.9248 0.5845 0.9248 0.5874 0.9279 0.5898 0.9283 0.5918 0.9295 0.5918 0.9306 0.5947 0.9350 0.5996 0.9381 0.6133 0.9353 0.6162 0.9322 0.6167 0.9306 0.6226 0.9263 0.6270 0.9275 0.6294 0.9255 0.6338 0.9236 0.6318 0.9197 0.6367 0.9161 0.6382 0.9142 0.6406 0.9169 0.6421 0.9177 0.6431 0.9173 0.6509 0.9130 0.6514 0.9118 0.6543 0.9095 0.6558 0.9040 0.6577 0.9024 0.6616 0.9020 0.6670 0.9005 0.6704 0.8981 0.6753 0.8962 0.6748 0.8922 0.6763 0.8899 0.6758 0.8856 0.6689 0.8715 0.6660 0.8613 0.6636 0.8582 0.6587 0.8491 0.6489 0.8386 0.6470 0.8327 0.6440 0.8272 0.6421 0.8256 0.6396 0.8221 0.6382 0.8217 0.6348 0.8178 0.6309 0.8154 0.6201 0.8154
0 0.5625 0.7335 0.5283 0.7351 0.5244 0.7359 0.5186 0.7402 0.5166 0.7433 0.5151 0.7504 0.5127 0.7567 0.5127 0.7621 0.5137 0.7657 0.5161 0.7680 0.5186 0.7735 0.5195 0.7790 0.5234 0.7845 0.5244 0.7872 0.5298 0.7872 0.5327 0.7888 0.5405 0.7888 0.5444 0.7872 0.5508 0.7872 0.5542 0.7880 0.5576 0.7880 0.5601 0.7868 0.5635 0.7880 0.5674 0.7872 0.5732 0.7876 0.5752 0.7864 0.5767 0.7864 0.5796 0.7884 0.5806 0.7884 0.5850 0.7861 0.5913 0.7845 0.5996 0.7810 0.6006 0.7794 0.6006 0.7747 0.5981 0.7708 0.5977 0.7672 0.5957 0.7633 0.5928 0.7602 0.5898 0.7531 0.5854 0.7476 0.5840 0.7433 0.5820 0.7414 0.5801 0.7375 0.5781 0.7359 0.5752 0.7347 0.5688 0.7335
0 0.5439 0.6900 0.5391 0.6908 0.5093 0.6916 0.5039 0.6951 0.5029 0.6987 0.5015 0.7006 0.5015 0.7069 0.5034 0.7120 0.5034 0.7167 0.5054 0.7230 0.5088 0.7261 0.5132 0.7261 0.5171 0.7277 0.5186 0.7300 0.5234 0.7335 0.5249 0.7339 0.5352 0.7339 0.5654 0.7324 0.5684 0.7300 0.5688 0.7198 0.5679 0.7167 0.5679 0.7124 0.5654 0.7096 0.5645 0.7065 0.5596 0.7014 0.5571 0.6963 0.5542 0.6924 0.5522 0.6908 0.5459 0.6900
0 0.4980 0.6462 0.4971 0.6540 0.4951 0.6583 0.4917 0.6618 0.4902 0.6650 0.4902 0.6712 0.4917 0.6767 0.4927 0.6857 0.4937 0.6881 0.4966 0.6912 0.5020 0.6928 0.5088 0.6908 0.5137 0.6912 0.5254 0.6897 0.5444 0.6893 0.5488 0.6881 0.5508 0.6869 0.5527 0.6814 0.5508 0.6787 0.5503 0.6736 0.5493 0.6716 0.5439 0.6638 0.5430 0.6607 0.5391 0.6540 0.5356 0.6501 0.5327 0.6489 0.5269 0.6505 0.5132 0.6501 0.5015 0.6516 0.4990 0.6501 0.4980 0.6469
0 0.5107 0.6121 0.5049 0.6129 0.5015 0.6140 0.4995 0.6156 0.4976 0.6187 0.4971 0.6215 0.4946 0.6262 0.4941 0.6317 0.4946 0.6383 0.4976 0.6407 0.4995 0.6403 0.5044 0.6371 0.5093 0.6356 0.5239 0.6352 0.5283 0.6364 0.5308 0.6364 0.5322 0.6371 0.5327 0.6383 0.5332 0.6274 0.5278 0.6187 0.5273 0.6152 0.5249 0.6129 0.5225 0.6121
0 0.5762 0.5968 0.5742 0.6011 0.5718 0.6034 0.5713 0.6054 0.5698 0.6070 0.5693 0.6101 0.5684 0.6109 0.5688 0.6203 0.5679 0.6274 0.5688 0.6297 0.5688 0.6344 0.5718 0.6383 0.5757 0.6411 0.5796 0.6387 0.5840 0.6387 0.5869 0.6399 0.5918 0.6395 0.5957 0.6418 0.6035 0.6383 0.6113 0.6309 0.6138 0.6274 0.6123 0.6183 0.6064 0.6109 0.6040 0.6062 0.5996 0.6042 0.5957 0.6042 0.5913 0.6015 0.5801 0.6007 0.5762 0.5972
0 0.6147 0.6305 0.6104 0.6321 0.6069 0.6348 0.5996 0.6426 0.5996 0.6485 0.6021 0.6528 0.6021 0.6556 0.6011 0.6579 0.6040 0.6622 0.6113 0.6618 0.6152 0.6583 0.6152 0.6567 0.6123 0.6540 0.6143 0.6524 0.6162 0.6524 0.6187 0.6536 0.6206 0.6524 0.6235 0.6524 0.6260 0.6540 0.6289 0.6540 0.6304 0.6532 0.6328 0.6540 0.6357 0.6540 0.6372 0.6532 0.6431 0.6528 0.6470 0.6528 0.6499 0.6544 0.6504 0.6540 0.6504 0.6501 0.6479 0.6469 0.6475 0.6426 0.6436 0.6340 0.6338 0.6309 0.6157 0.6305
0 0.6499 0.6548 0.6470 0.6563 0.6445 0.6567 0.6387 0.6560 0.6255 0.6560 0.6230 0.6552 0.6201 0.6556 0.6162 0.6571 0.6128 0.6614 0.6089 0.6638 0.6055 0.6650 0.6050 0.6689 0.6060 0.6826 0.6074 0.6857 0.6108 0.6857 0.6133 0.6881 0.6152 0.6987 0.6172 0.6995 0.6245 0.6995 0.6270 0.7002 0.6309 0.7002 0.6353 0.6975 0.6426 0.6904 0.6465 0.6889 0.6528 0.6877 0.6646 0.6873 0.6699 0.6865 0.6709 0.6857 0.6719 0.6806 0.6689 0.6740 0.6636 0.6685 0.6621 0.6650 0.6597 0.6630 0.6577 0.6599 0.6553 0.6579 0.6528 0.6571
0 0.6680 0.6877 0.6523 0.6893 0.6465 0.6893 0.6426 0.6908 0.6401 0.6924 0.6353 0.6979 0.6304 0.7018 0.6289 0.7045 0.6284 0.7089 0.6294 0.7116 0.6304 0.7245 0.6333 0.7261 0.6367 0.7269 0.6392 0.7284 0.6421 0.7359 0.6421 0.7406 0.6445 0.7441 0.6465 0.7453 0.6509 0.7453 0.6577 0.7433 0.6616 0.7433 0.6694 0.7418 0.6841 0.7418 0.6914 0.7394 0.6938 0.7394 0.6963 0.7406 0.6987 0.7406 0.7007 0.7398 0.7046 0.7402 0.7080 0.7382 0.7095 0.7363 0.7095 0.7202 0.7075 0.7175 0.7046 0.7085 0.6973 0.6959 0.6875 0.6889 0.6709 0.6877
0 0.7114 0.7480 0.7085 0.7488 0.6851 0.7508 0.6816 0.7535 0.6743 0.7555 0.6699 0.7582 0.6685 0.7633 0.6680 0.7700 0.6685 0.7790 0.6836 0.7998 0.6870 0.8021 0.6904 0.8056 0.6919 0.8100 0.6953 0.8150 0.6963 0.8221 0.6987 0.8252 0.7007 0.8268 0.7100 0.8292 0.7207 0.8307 0.7246 0.8307 0.7319 0.8327 0.7358 0.8315 0.7441 0.8319 0.7578 0.8260 0.7588 0.8241 0.7607 0.8225 0.7627 0.8221 0.7651 0.8201 0.7671 0.8197 0.7695 0.8182 0.7700 0.8139 0.7744 0.8123 0.7798 0.8119 0.7822 0.8103 0.7837 0.8080 0.7910 0.8041 0.7915 0.7947 0.7881 0.7896 0.7852 0.7868 0.7837 0.7833 0.7798 0.7802 0.7749 0.7719 0.7725 0.7696 0.7715 0.7672 0.7681 0.7629 0.7661 0.7614 0.7646 0.7586 0.7603 0.7547 0.7573 0.7531 0.7559 0.7508 0.7520 0.7496 0.7446 0.7500 0.7407 0.7492 0.7358 0.7496 0.7324 0.7488 0.7266 0.7492 0.7217 0.7480
0 0.8408 0.8009 0.8359 0.8025 0.8379 0.8045 0.8423 0.8064 0.8418 0.8076 0.8379 0.8103 0.8354 0.8084 0.8335 0.8076 0.8301 0.8076 0.8257 0.8053 0.8228 0.8068 0.8198 0.8096 0.8164 0.8111 0.8105 0.8127 0.8062 0.8127 0.7881 0.8170 0.7812 0.8201 0.7783 0.8225 0.7710 0.8256 0.7676 0.8256 0.7637 0.8284 0.7568 0.8288 0.7544 0.8299 0.7515 0.8331 0.7500 0.8366 0.7495 0.8417 0.7476 0.8452 0.7476 0.8480 0.7485 0.8574 0.7510 0.8636 0.7520 0.8691 0.7534 0.8726 0.7534 0.8770 0.7549 0.8801 0.7554 0.8809 0.7603 0.8828 0.7632 0.8852 0.7661 0.8860 0.7759 0.8860 0.7861 0.8899 0.7949 0.8973 0.7979 0.8985 0.8076 0.9063 0.8101 0.9091 0.8115 0.9095 0.8174 0.9138 0.8184 0.9158 0.8218 0.9193 0.8223 0.9255 0.8242 0.9303 0.8257 0.9393 0.8276 0.9408 0.8330 0.9483 0.8364 0.9510 0.8486 0.9553 0.8662 0.9569 0.8735 0.9565 0.8760 0.9573 0.8804 0.9573 0.8843 0.9592 0.8882 0.9592 0.8960 0.9624 0.9014 0.9620 0.9038 0.9632 0.9077 0.9596 0.9111 0.9581 0.9126 0.9581 0.9155 0.9604 0.9199 0.9604 0.9204 0.9624 0.9238 0.9679 0.9268 0.9663 0.9297 0.9675 0.9321 0.9675 0.9351 0.9659 0.9395 0.9702 0.9473 0.9694 0.9556 0.9671 0.9565 0.9643 0.9585 0.9620 0.9600 0.9608 0.9629 0.9604 0.9644 0.9553 0.9678 0.9498 0.9673 0.9432 0.9683 0.9408 0.9683 0.9310 0.9673 0.9279 0.9673 0.9079 0.9658 0.9044 0.9663 0.8993 0.9653 0.8966 0.9658 0.8805 0.9648 0.8770 0.9600 0.8726 0.9600 0.8691 0.9565 0.8652 0.9561 0.8609 0.9541 0.8589 0.9512 0.8531 0.9482 0.8507 0.9453 0.8460 0.9458 0.8433 0.9473 0.8421 0.9497 0.8417 0.9482 0.8409 0.9434 0.8405 0.9385 0.8378 0.9365 0.8358 0.9321 0.8339 0.9287 0.8295 0.9185 0.8256 0.9146 0.8237 0.9136 0.8221 0.9082 0.8213 0.9062 0.8182 0.9043 0.8174 0.8999 0.8178 0.8945 0.8170 0.8921 0.8154 0.8853 0.8150 0.8828 0.8123 0.8755 0.8119 0.8721 0.8072 0.8696 0.8072 0.8682 0.8064 0.8721 0.8045 0.8730 0.8025 0.8682 0.8021 0.8657 0.8041 0.8608 0.8041 0.8555 0.8025 0.8491 0.8029 0.8418 0.8009
0 0.8726 0.7402 0.8701 0.7437 0.8633 0.7484 0.8569 0.7512 0.8540 0.7512 0.8506 0.7524 0.8428 0.7535 0.8398 0.7551 0.8354 0.7594 0.8325 0.7641 0.8325 0.7676 0.8315 0.7700 0.8315 0.7786 0.8325 0.7821 0.8325 0.7872 0.8364 0.7955 0.8423 0.7990 0.8491 0.8002 0.8545 0.8002 0.8584 0.8009 0.8657 0.8009 0.8682 0.8002 0.8726 0.8002 0.8843 0.8045 0.8896 0.8088 0.8911 0.8107 0.8916 0.8131 0.8936 0.8150 0.8965 0.8158 0.8999 0.8178 0.9048 0.8174 0.9121 0.8201 0.9150 0.8205 0.9189 0.8225 0.9224 0.8233 0.9238 0.8245 0.9277 0.8245 0.9297 0.8252 0.9316 0.8272 0.9370 0.8280 0.9390 0.8299 0.9409 0.8303 0.9517 0.8303 0.9531 0.8295 0.9546 0.8256 0.9561 0.8256 0.9585 0.8268 0.9658 0.8233 0.9702 0.8229 0.9746 0.8209 0.9805 0.8201 0.9858 0.8182 0.9849 0.8143 0.9878 0.8111 0.9873 0.8068 0.9858 0.8049 0.9834 0.7966 0.9795 0.7888 0.9751 0.7747 0.9707 0.7680 0.9668 0.7661 0.9580 0.7594 0.9448 0.7535 0.9424 0.7516 0.9199 0.7437 0.9082 0.7429 0.8989 0.7433 0.8921 0.7422 0.8789 0.7426 0.8730 0.7402
0 0.8096 0.6995 0.7998 0.7010 0.7935 0.7010 0.7739 0.7085 0.7705 0.7120 0.7686 0.7167 0.7676 0.7237 0.7705 0.7332 0.7842 0.7422 0.7861 0.7441 0.7905 0.7449 0.7954 0.7484 0.7979 0.7531 0.7983 0.7563 0.8008 0.7598 0.8022 0.7610 0.8047 0.7614 0.8335 0.7610 0.8350 0.7582 0.8418 0.7535 0.8501 0.7508 0.8594 0.7488 0.8696 0.7422 0.8726 0.7394 0.8755 0.7386 0.8779 0.7367 0.8799 0.7363 0.8755 0.7359 0.8716 0.7332 0.8701 0.7281 0.8672 0.7257 0.8652 0.7210 0.8623 0.7183 0.8594 0.7132 0.8569 0.7108 0.8545 0.7100 0.8521 0.7081 0.8486 0.7042 0.8447 0.7034 0.8413 0.7014 0.8384 0.7006 0.8262 0.6998 0.8223 0.7002 0.8193 0.6995
0 0.8848 0.6759 0.8730 0.6775 0.8696 0.6799 0.8579 0.6838 0.8525 0.6865 0.8496 0.6904 0.8491 0.6991 0.8501 0.7014 0.8501 0.7045 0.8530 0.7089 0.8569 0.7120 0.8721 0.7136 0.8755 0.7151 0.8770 0.7167 0.8799 0.7175 0.8828 0.7198 0.8838 0.7241 0.8867 0.7288 0.8887 0.7304 0.8931 0.7320 0.8975 0.7320 0.9009 0.7308 0.9082 0.7312 0.9189 0.7281 0.9233 0.7292 0.9282 0.7292 0.9312 0.7277 0.9331 0.7277 0.9355 0.7284 0.9390 0.7312 0.9419 0.7316 0.9458 0.7332 0.9507 0.7332 0.9546 0.7304 0.9561 0.7241 0.9609 0.7175 0.9604 0.7085 0.9595 0.7077 0.9585 0.7038 0.9570 0.7014 0.9521 0.6983 0.9487 0.6951 0.9478 0.6932 0.9380 0.6853 0.9292 0.6814 0.9199 0.6787 0.9136 0.6775 0.9062 0.6771 0.9038 0.6783 0.9004 0.6783 0.8936 0.6775 0.8896 0.6759
0 0.9893 0.8217 0.9819 0.8233 0.9741 0.8241 0.9697 0.8252 0.9639 0.8280 0.9536 0.8374 0.9497 0.8444 0.9497 0.8495 0.9561 0.8597 0.9629 0.8770 0.9629 0.8789 0.9653 0.8821 0.9663 0.8868 0.9688 0.8895 0.9746 0.8915 0.9771 0.8907 0.9814 0.8907 0.9849 0.8891 0.9858 0.8883 0.9854 0.8844 0.9863 0.8836 0.9897 0.8840 0.9927 0.8879 0.9941 0.8887 0.9995 0.8887 0.9995 0.8221 0.9922 0.8217
0 0.7539 0.6062 0.7397 0.6070 0.7373 0.6132 0.7349 0.6164 0.7314 0.6183 0.7295 0.6226 0.7329 0.6305 0.7363 0.6340 0.7393 0.6391 0.7412 0.6399 0.7476 0.6399 0.7520 0.6387 0.7559 0.6368 0.7676 0.6371 0.7710 0.6379 0.7749 0.6399 0.7778 0.6383 0.7793 0.6360 0.7798 0.6281 0.7783 0.6230 0.7778 0.6144 0.7764 0.6117 0.7754 0.6105 0.7710 0.6082 0.7666 0.6082 0.7563 0.6062
0 0.7007 0.6277 0.6968 0.6293 0.6948 0.6321 0.6909 0.6344 0.6875 0.6375 0.6851 0.6422 0.6855 0.6520 0.6875 0.6540 0.6924 0.6548 0.6943 0.6563 0.6963 0.6622 0.7007 0.6646 0.7041 0.6634 0.7129 0.6638 0.7192 0.6658 0.7256 0.6658 0.7280 0.6642 0.7358 0.6626 0.7412 0.6540 0.7407 0.6505 0.7383 0.6430 0.7344 0.6387 0.7334 0.6348 0.7285 0.6301 0.7227 0.6285 0.7124 0.6285 0.7100 0.6277
0 0.7236 0.5862 0.7046 0.5866 0.7007 0.5878 0.6997 0.5893 0.6953 0.5929 0.6943 0.5952 0.6938 0.6042 0.6968 0.6066 0.7012 0.6070 0.7051 0.6113 0.7178 0.6125 0.7197 0.6132 0.7256 0.6132 0.7280 0.6144 0.7319 0.6140 0.7344 0.6121 0.7378 0.6074 0.7378 0.6038 0.7368 0.6015 0.7363 0.5952 0.7334 0.5905 0.7314 0.5889 0.7241 0.5862
0 0.6694 0.6003 0.6592 0.6019 0.6572 0.6027 0.6543 0.6054 0.6504 0.6070 0.6499 0.6176 0.6509 0.6223 0.6528 0.6242 0.6553 0.6250 0.6577 0.6270 0.6592 0.6309 0.6611 0.6317 0.6782 0.6321 0.6836 0.6332 0.6909 0.6328 0.6934 0.6321 0.6953 0.6305 0.6978 0.6250 0.6968 0.6152 0.6938 0.6085 0.6851 0.6031 0.6792 0.6011 0.6724 0.6011 0.6699 0.6003
0 0.6304 0.5713 0.6270 0.5725 0.6230 0.5721 0.6187 0.5756 0.6167 0.5795 0.6167 0.5819 0.6187 0.5866 0.6235 0.5905 0.6338 0.5913 0.6465 0.5909 0.6494 0.5878 0.6494 0.5835 0.6489 0.5807 0.6470 0.5760 0.6460 0.5752 0.6426 0.5733 0.6387 0.5721 0.6338 0.5721 0.6309 0.5713
0 0.6816 0.5615 0.6758 0.5631 0.6729 0.5658 0.6675 0.5682 0.6670 0.5721 0.6675 0.5760 0.6685 0.5776 0.6724 0.5807 0.6738 0.5811 0.6855 0.5807 0.6895 0.5788 0.6934 0.5784 0.6958 0.5721 0.6948 0.5678 0.6934 0.5654 0.6855 0.5619 0.6821 0.5619