0 0.4664 0.3850 0.4648 0.3863 0.4625 0.3872 0.4585 0.3915 0.4564 0.3965 0.4566 0.4002 0.4580 0.4037 0.4613 0.4074 0.4632 0.4114 0.4660 0.4145 0.4667 0.4164 0.4692 0.4192 0.4716 0.4232 0.4744 0.4270 0.4755 0.4279 0.4783 0.4319 0.4823 0.4351 0.4858 0.4341 0.4893 0.4313 0.4902 0.4301 0.4916 0.4276 0.4930 0.4239 0.4928 0.4201 0.4907 0.4164 0.4876 0.4127 0.4862 0.4096 0.4802 0.4018 0.4786 0.3981 0.4765 0.3959 0.4746 0.3931 0.4734 0.3925 0.4720 0.3906 0.4716 0.3888 0.4706 0.3875 0.4667 0.3850
0 0.4275 0.2850 0.4252 0.2868 0.4221 0.2909 0.4210 0.2943 0.4210 0.2952 0.4228 0.3002 0.4231 0.3021 0.4235 0.3030 0.4252 0.3039 0.4266 0.3064 0.4301 0.3108 0.4315 0.3135 0.4354 0.3188 0.4394 0.3257 0.4434 0.3285 0.4473 0.3272 0.4483 0.3254 0.4508 0.3222 0.4531 0.3219 0.4550 0.3210 0.4562 0.3182 0.4538 0.3151 0.4485 0.3061 0.4399 0.2946 0.4373 0.2924 0.4357 0.2887 0.4343 0.2868 0.4317 0.2850
0 0.3259 0.6364 0.3224 0.6383 0.3207 0.6408 0.3186 0.6426 0.3156 0.6464 0.3093 0.6548 0.3079 0.6579 0.3065 0.6597 0.3047 0.6613 0.3002 0.6678 0.2986 0.6690 0.2949 0.6750 0.2939 0.6774 0.2942 0.6818 0.2960 0.6843 0.2965 0.6855 0.2995 0.6892 0.3000 0.6905 0.3026 0.6936 0.3065 0.6911 0.3093 0.6874 0.3105 0.6865 0.3112 0.6846 0.3126 0.6827 0.3145 0.6815 0.3152 0.6799 0.3163 0.6787 0.3182 0.6778 0.3259 0.6675 0.3268 0.6669 0.3312 0.6616 0.3338 0.6594 0.3368 0.6538 0.3373 0.6501 0.3366 0.6464 0.3354 0.6445 0.3347 0.6423 0.3317 0.6386 0.3303 0.6377 0.3263 0.6364
0 0.3760 0.6374 0.3727 0.6383 0.3709 0.6414 0.3653 0.6461 0.3641 0.6504 0.3597 0.6566 0.3562 0.6600 0.3527 0.6659 0.3529 0.6697 0.3611 0.6784 0.3629 0.6774 0.3669 0.6740 0.3690 0.6694 0.3704 0.6672 0.3734 0.6635 0.3765 0.6619 0.3776 0.6594 0.3807 0.6554 0.3832 0.6510 0.3832 0.6461 0.3823 0.6448 0.3816 0.6426 0.3786 0.6386 0.3769 0.6374
0 0.3807 0.6793 0.3774 0.6815 0.3753 0.6852 0.3723 0.6889 0.3716 0.6905 0.3688 0.6936 0.3678 0.6958 0.3636 0.7020 0.3627 0.7032 0.3606 0.7048 0.3571 0.7094 0.3545 0.7119 0.3517 0.7157 0.3492 0.7200 0.3492 0.7219 0.3506 0.7265 0.3555 0.7324 0.3559 0.7340 0.3573 0.7359 0.3590 0.7346 0.3613 0.7343 0.3690 0.7272 0.3737 0.7181 0.3762 0.7147 0.3848 0.7063 0.3869 0.7026 0.3890 0.7001 0.3925 0.6939 0.3923 0.6899 0.3886 0.6815 0.3846 0.6793
0 0.6620 0.6218 0.6597 0.6231 0.6592 0.6268 0.6594 0.6280 0.6620 0.6280 0.6653 0.6296 0.6664 0.6311 0.6669 0.6346 0.6660 0.6358 0.6639 0.6364 0.6627 0.6389 0.6613 0.6392 0.6604 0.6383 0.6611 0.6346 0.6594 0.6324 0.6587 0.6287 0.6578 0.6287 0.6543 0.6308 0.6538 0.6333 0.6541 0.6361 0.6543 0.6367 0.6557 0.6374 0.6566 0.6386 0.6576 0.6423 0.6590 0.6436 0.6627 0.6485 0.6685 0.6541 0.6697 0.6560 0.6702 0.6560 0.6737 0.6523 0.6741 0.6510 0.6760 0.6485 0.6790 0.6464 0.6786 0.6423 0.6755 0.6386 0.6746 0.6346 0.6737 0.6333 0.6716 0.6324 0.6704 0.6308 0.6699 0.6293 0.6667 0.6252 0.6660 0.6227 0.6622 0.6221
0 0.8611 0.4885 0.8604 0.4904 0.8552 0.4916 0.8543 0.4922 0.8510 0.4963 0.8506 0.4978 0.8487 0.5003 0.8478 0.5028 0.8462 0.5050 0.8436 0.5071 0.8410 0.5109 0.8378 0.5127 0.8357 0.5171 0.8343 0.5183 0.8329 0.5205 0.8324 0.5227 0.8324 0.5252 0.8336 0.5283 0.8378 0.5339 0.8415 0.5357 0.8455 0.5351 0.8483 0.5323 0.8573 0.5205 0.8608 0.5177 0.8632 0.5131 0.8685 0.5059 0.8678 0.4972 0.8664 0.4941 0.8650 0.4922 0.8618 0.4904 0.8613 0.4885
0 0.8807 0.4229 0.8790 0.4236 0.8760 0.4276 0.8748 0.4307 0.8716 0.4357 0.8699 0.4366 0.8678 0.4394 0.8650 0.4416 0.8627 0.4447 0.8599 0.4469 0.8552 0.4531 0.8548 0.4543 0.8550 0.4593 0.8578 0.4640 0.8620 0.4671 0.8653 0.4671 0.8690 0.4649 0.8709 0.4630 0.8720 0.4612 0.8762 0.4568 0.8811 0.4503 0.8828 0.4472 0.8841 0.4453 0.8858 0.4441 0.8893 0.4394 0.8902 0.4372 0.8916 0.4354 0.8909 0.4335 0.8907 0.4313 0.8886 0.4279 0.8846 0.4239 0.8811 0.4229
0 0.8571 0.4046 0.8538 0.4065 0.8520 0.4089 0.8508 0.4121 0.8487 0.4149 0.8473 0.4183 0.8457 0.4204 0.8434 0.4214 0.8417 0.4226 0.8382 0.4279 0.8373 0.4282 0.8352 0.4301 0.8312 0.4369 0.8310 0.4400 0.8315 0.4428 0.8333 0.4469 0.8415 0.4543 0.8422 0.4540 0.8452 0.4490 0.8487 0.4447 0.8510 0.4406 0.8531 0.4351 0.8562 0.4310 0.8583 0.4291 0.8613 0.4239 0.8648 0.4214 0.8657 0.4198 0.8662 0.4177 0.8662 0.4145 0.8653 0.4105 0.8611 0.4055 0.8576 0.4046
0 0.6030 0.8232 0.6000 0.8238 0.5986 0.8250 0.5965 0.8260 0.5879 0.8260 0.5897 0.8266 0.5909 0.8282 0.5914 0.8300 0.5925 0.8322 0.5928 0.8337 0.5953 0.8378 0.5974 0.8400 0.6007 0.8446 0.6009 0.8456 0.6070 0.8533 0.6105 0.8592 0.6117 0.8602 0.6152 0.8648 0.6168 0.8661 0.6182 0.8686 0.6219 0.8732 0.6233 0.8741 0.6252 0.8745 0.6296 0.8741 0.6303 0.8726 0.6329 0.8707 0.6336 0.8686 0.6338 0.8651 0.6326 0.8617 0.6301 0.8586 0.6261 0.8552 0.6240 0.8524 0.6226 0.8515 0.6182 0.8452 0.6159 0.8409 0.6091 0.8322 0.6061 0.8263 0.6033 0.8232
0 0.5252 0.1523 0.5233 0.1544 0.5224 0.1563 0.5212 0.1569 0.5200 0.1588 0.5193 0.1613 0.5196 0.1653 0.5200 0.1666 0.5242 0.1722 0.5247 0.1737 0.5284 0.1774 0.5357 0.1871 0.5366 0.1892 0.5378 0.1902 0.5406 0.1945 0.5445 0.1967 0.5450 0.1967 0.5480 0.1939 0.5506 0.1896 0.5520 0.1855 0.5522 0.1815 0.5515 0.1812 0.5494 0.1784 0.5490 0.1771 0.5459 0.1728 0.5448 0.1718 0.5406 0.1659 0.5385 0.1638 0.5368 0.1607 0.5338 0.1579 0.5294 0.1523
0 0.5406 0.1249 0.5385 0.1268 0.5350 0.1318 0.5340 0.1342 0.5345 0.1377 0.5359 0.1401 0.5368 0.1433 0.5396 0.1467 0.5410 0.1501 0.5422 0.1507 0.5438 0.1529 0.5448 0.1554 0.5478 0.1594 0.5487 0.1619 0.5508 0.1644 0.5527 0.1675 0.5562 0.1706 0.5604 0.1706 0.5643 0.1669 0.5650 0.1650 0.5653 0.1625 0.5648 0.1576 0.5629 0.1544 0.5613 0.1498 0.5538 0.1398 0.5490 0.1321 0.5459 0.1287 0.5455 0.1271 0.5448 0.1262 0.5415 0.1249
0 0.5604 0.0991 0.5566 0.1007 0.5538 0.1032 0.5522 0.1053 0.5510 0.1075 0.5499 0.1112 0.5503 0.1144 0.5522 0.1184 0.5550 0.1212 0.5566 0.1237 0.5576 0.1243 0.5613 0.1290 0.5625 0.1318 0.5664 0.1364 0.5697 0.1423 0.5720 0.1451 0.5760 0.1467 0.5769 0.1461 0.5795 0.1436 0.5837 0.1377 0.5846 0.1346 0.5841 0.1321 0.5825 0.1271 0.5802 0.1231 0.5788 0.1221 0.5730 0.1140 0.5704 0.1116 0.5688 0.1072 0.5660 0.1047 0.5641 0.1022 0.5606 0.0994
0 0.5916 0.0559 0.5869 0.0587 0.5839 0.0631 0.5834 0.0643 0.5832 0.0684 0.5839 0.0721 0.5848 0.0746 0.5879 0.0796 0.5921 0.0836 0.5942 0.0873 0.5984 0.0926 0.6035 0.1004 0.6044 0.1010 0.6070 0.1044 0.6112 0.1069 0.6152 0.1035 0.6179 0.0994 0.6193 0.0954 0.6198 0.0917 0.6191 0.0879 0.6161 0.0848 0.6117 0.0764 0.6044 0.0687 0.6002 0.0625 0.5960 0.0581 0.5918 0.0559
0 0.6266 0.0068 0.6226 0.0090 0.6189 0.0137 0.6177 0.0174 0.6184 0.0221 0.6242 0.0326 0.6284 0.0376 0.6329 0.0435 0.6338 0.0454 0.6357 0.0469 0.6424 0.0562 0.6457 0.0575 0.6483 0.0569 0.6503 0.0553 0.6524 0.0522 0.6536 0.0488 0.6541 0.0454 0.6536 0.0407 0.6503 0.0345 0.6497 0.0342 0.6480 0.0320 0.6469 0.0289 0.6422 0.0236 0.6378 0.0171 0.6345 0.0134 0.6329 0.0121 0.6310 0.0093 0.6270 0.0068
0 0.4711 0.0000 0.4711 0.0019 0.4695 0.0059 0.4688 0.0096 0.4706 0.0121 0.4741 0.0140 0.4783 0.0205 0.4800 0.0218 0.4825 0.0258 0.4862 0.0295 0.4874 0.0329 0.4883 0.0342 0.4935 0.0395 0.4977 0.0413 0.4991 0.0410 0.5019 0.0388 0.5056 0.0333 0.5056 0.0280 0.5051 0.0255 0.5035 0.0233 0.5019 0.0196 0.4986 0.0140 0.4923 0.0062 0.4900 0.0022 0.4890 0.0016 0.4890 0.0000
0 0.4988 0.0000 0.4991 0.0025 0.5007 0.0047 0.5035 0.0065 0.5058 0.0103 0.5079 0.0121 0.5119 0.0174 0.5133 0.0183 0.5175 0.0183 0.5212 0.0152 0.5228 0.0131 0.5240 0.0099 0.5247 0.0059 0.5238 0.0022 0.5238 0.0000
0 0.6389 0.0000 0.6389 0.0019 0.6408 0.0062 0.6485 0.0146 0.6501 0.0183 0.6513 0.0193 0.6576 0.0277 0.6592 0.0308 0.6597 0.0329 0.6622 0.0364 0.6655 0.0385 0.6690 0.0385 0.6706 0.0376 0.6725 0.0348 0.6732 0.0329 0.6751 0.0308 0.6760 0.0280 0.6765 0.0249 0.6755 0.0211 0.6725 0.0140 0.6716 0.0127 0.6697 0.0115 0.6657 0.0047 0.6629 0.0019 0.6629 0.0000
0 0.7399 0.0497 0.7359 0.0507 0.7301 0.0562 0.7270 0.0612 0.7245 0.0640 0.7240 0.0653 0.7214 0.0687 0.7189 0.0705 0.7175 0.0724 0.7128 0.0799 0.7121 0.0833 0.7126 0.0883 0.7138 0.0904 0.7177 0.0954 0.7200 0.0966 0.7242 0.0954 0.7263 0.0926 0.7282 0.0911 0.7350 0.0817 0.7371 0.0796 0.7371 0.0789 0.7382 0.0771 0.7401 0.0758 0.7438 0.0705 0.7462 0.0681 0.7480 0.0649 0.7487 0.0606 0.7480 0.0566 0.7443 0.0519 0.7401 0.0497
0 0.6890 0.1112 0.6855 0.1125 0.6774 0.1234 0.6753 0.1283 0.6725 0.1321 0.6678 0.1367 0.6660 0.1380 0.6655 0.1389 0.6650 0.1414 0.6655 0.1464 0.6683 0.1495 0.6699 0.1526 0.6734 0.1548 0.6776 0.1532 0.6814 0.1495 0.6879 0.1401 0.6893 0.1392 0.6918 0.1355 0.6963 0.1308 0.6988 0.1265 0.6998 0.1224 0.6991 0.1187 0.6977 0.1159 0.6935 0.1119 0.6900 0.1112
0 0.9779 0.5550 0.9739 0.5562 0.9716 0.5594 0.9704 0.5600 0.9674 0.5646 0.9627 0.5696 0.9587 0.5755 0.9557 0.5786 0.9531 0.5805 0.9508 0.5842 0.9490 0.5855 0.9476 0.5873 0.9476 0.5917 0.9480 0.5929 0.9497 0.5957 0.9548 0.6022 0.9594 0.6007 0.9622 0.5970 0.9674 0.5932 0.9685 0.5914 0.9706 0.5895 0.9723 0.5873 0.9758 0.5842 0.9816 0.5758 0.9832 0.5715 0.9865 0.5687 0.9876 0.5643 0.9858 0.5631 0.9846 0.5615 0.9823 0.5569 0.9786 0.5550
0 0.9273 0.4891 0.9249 0.4913 0.9238 0.4932 0.9196 0.4938 0.9193 0.4969 0.9198 0.4978 0.9189 0.4984 0.9186 0.5019 0.9140 0.5078 0.9107 0.5093 0.9079 0.5131 0.9049 0.5149 0.9037 0.5174 0.8974 0.5252 0.8977 0.5286 0.8981 0.5301 0.9005 0.5336 0.9042 0.5410 0.9079 0.5410 0.9119 0.5376 0.9196 0.5273 0.9270 0.5190 0.9298 0.5143 0.9315 0.5134 0.9322 0.5118 0.9340 0.5096 0.9343 0.5087 0.9394 0.5022 0.9392 0.4975 0.9371 0.4941 0.9338 0.4922 0.9315 0.4894 0.9284 0.4891
0 0.9119 0.4643 0.9096 0.4674 0.9091 0.4708 0.9079 0.4720 0.9065 0.4720 0.9056 0.4727 0.9051 0.4745 0.9028 0.4764 0.9012 0.4792 0.8984 0.4810 0.8965 0.4829 0.8932 0.4838 0.8914 0.4866 0.8900 0.4876 0.8886 0.4894 0.8855 0.4913 0.8828 0.4941 0.8818 0.4981 0.8844 0.5040 0.8858 0.5056 0.8874 0.5065 0.8895 0.5093 0.8923 0.5106 0.8965 0.5078 0.8995 0.5044 0.9023 0.5028 0.9042 0.5003 0.9049 0.5000 0.9070 0.4966 0.9096 0.4944 0.9121 0.4910 0.9138 0.4901 0.9198 0.4820 0.9219 0.4814 0.9245 0.4792 0.9261 0.4786 0.9238 0.4776 0.9159 0.4658 0.9135 0.4655 0.9121 0.4643
0 0.9979 0.3617 0.9960 0.3658 0.9946 0.3676 0.9881 0.3748 0.9848 0.3769 0.9818 0.3810 0.9802 0.3822 0.9776 0.3856 0.9762 0.3891 0.9748 0.3912 0.9744 0.3925 0.9758 0.3959 0.9781 0.3990 0.9823 0.4030 0.9862 0.4027 0.9876 0.4018 0.9935 0.3962 0.9979 0.3906 0.9998 0.3906 0.9998 0.3617
0 0.9783 0.3334 0.9762 0.3365 0.9744 0.3378 0.9739 0.3397 0.9725 0.3415 0.9709 0.3424 0.9648 0.3502 0.9611 0.3533 0.9580 0.3580 0.9550 0.3611 0.9548 0.3651 0.9564 0.3679 0.9573 0.3707 0.9606 0.3741 0.9620 0.3748 0.9639 0.3748 0.9655 0.3741 0.9685 0.3713 0.9727 0.3670 0.9746 0.3642 0.9753 0.3639 0.9781 0.3589 0.9830 0.3546 0.9865 0.3496 0.9874 0.3468 0.9881 0.3459 0.9879 0.3415 0.9855 0.3397 0.9823 0.3341 0.9807 0.3334
0 0.9354 0.2965 0.9338 0.2977 0.9315 0.2986 0.9266 0.3048 0.9214 0.3104 0.9198 0.3151 0.9193 0.3176 0.9193 0.3229 0.9189 0.3254 0.9184 0.3260 0.9224 0.3266 0.9242 0.3285 0.9268 0.3291 0.9275 0.3291 0.9298 0.3275 0.9317 0.3272 0.9331 0.3257 0.9343 0.3229 0.9357 0.3210 0.9375 0.3195 0.9413 0.3139 0.9443 0.3104 0.9436 0.3073 0.9406 0.3036 0.9399 0.3014 0.9380 0.2986 0.9380 0.2980 0.9368 0.2968 0.9357 0.2968
0 0.2438 0.9034 0.2417 0.9062 0.2401 0.9068 0.2378 0.9108 0.2361 0.9114 0.2354 0.9136 0.2340 0.9161 0.2301 0.9201 0.2266 0.9251 0.2247 0.9264 0.2238 0.9276 0.2233 0.9291 0.2219 0.9310 0.2205 0.9319 0.2193 0.9344 0.2186 0.9394 0.2203 0.9431 0.2231 0.9450 0.2245 0.9472 0.2261 0.9453 0.2284 0.9441 0.2310 0.9410 0.2364 0.9363 0.2413 0.9295 0.2441 0.9276 0.2471 0.9201 0.2520 0.9164 0.2522 0.9158 0.2517 0.9142 0.2494 0.9121 0.2492 0.9080 0.2480 0.9052 0.2466 0.9040 0.2445 0.9034
0 0.3065 0.8167 0.3058 0.8176 0.3054 0.8198 0.3044 0.8210 0.3007 0.8216 0.2995 0.8229 0.2986 0.8232 0.2977 0.8244 0.2972 0.8260 0.2949 0.8285 0.2918 0.8266 0.2911 0.8257 0.2909 0.8241 0.2893 0.8222 0.2869 0.8219 0.2860 0.8254 0.2851 0.8266 0.2818 0.8285 0.2793 0.8291 0.2779 0.8313 0.2755 0.8328 0.2746 0.8341 0.2737 0.8378 0.2772 0.8459 0.2790 0.8471 0.2828 0.8465 0.2853 0.8434 0.2869 0.8424 0.2886 0.8400 0.2914 0.8378 0.2932 0.8353 0.2956 0.8337 0.2963 0.8325 0.2991 0.8313 0.3002 0.8297 0.3007 0.8272 0.3026 0.8247 0.3044 0.8232 0.3065 0.8226 0.3065 0.8173
0 0.2984 0.8086 0.2972 0.8092 0.2942 0.8123 0.2914 0.8163 0.2867 0.8204 0.2832 0.8254 0.2809 0.8269 0.2790 0.8275 0.2744 0.8325 0.2737 0.8341 0.2730 0.8378 0.2741 0.8403 0.2748 0.8431 0.2760 0.8452 0.2788 0.8474 0.2804 0.8474 0.2832 0.8465 0.2867 0.8434 0.2890 0.8403 0.2930 0.8375 0.2986 0.8325 0.3016 0.8291 0.3063 0.8257 0.3079 0.8216 0.3084 0.8185 0.3079 0.8151 0.3065 0.8108 0.3030 0.8086
0 0.2317 0.0603 0.2280 0.0618 0.2263 0.0640 0.2242 0.0715 0.2249 0.0752 0.2273 0.0802 0.2284 0.0839 0.2312 0.0883 0.2333 0.0898 0.2352 0.0926 0.2378 0.0954 0.2382 0.0966 0.2420 0.1016 0.2424 0.1032 0.2459 0.1072 0.2469 0.1094 0.2480 0.1103 0.2501 0.1134 0.2517 0.1144 0.2557 0.1187 0.2608 0.1153 0.2674 0.1072 0.2664 0.1038 0.2660 0.1025 0.2632 0.0991 0.2618 0.0963 0.2604 0.0917 0.2585 0.0901 0.2566 0.0870 0.2543 0.0851 0.2522 0.0820 0.2499 0.0799 0.2487 0.0758 0.2443 0.0684 0.2427 0.0668 0.2406 0.0637 0.2361 0.0606 0.2347 0.0603
0 0.0839 0.0519 0.0800 0.0559 0.0786 0.0587 0.0776 0.0637 0.0783 0.0677 0.0793 0.0693 0.0807 0.0702 0.0825 0.0727 0.0851 0.0764 0.0867 0.0799 0.0944 0.0901 0.0946 0.0911 0.0986 0.0957 0.1007 0.0973 0.1033 0.0985 0.1072 0.0979 0.1100 0.0957 0.1114 0.0932 0.1117 0.0833 0.1105 0.0802 0.1093 0.0792 0.1051 0.0736 0.1047 0.0724 0.0998 0.0659 0.0984 0.0646 0.0963 0.0603 0.0939 0.0587 0.0916 0.0556 0.0902 0.0547 0.0883 0.0525 0.0841 0.0522